[0;48;2;8;12;60m⠀⠀⠀⠀⠀⠀⠀⠀⠀⠀⠀⠀⠀⠀⠀⠀⠀⠀⠀⠀⠀⠀⠀⠀⠀⠀⠀⠀⠀⠀⠀⠀⠀⠀⠀⠀⠀⠀⠀⠀⠀⠀⠀⠀⠀⠀⠀⠀⠀⠀⠀⠀⠀⠀⠀⠀⠀⠀⠀⠀⠀⠀⠀⠀⠀⠀⠀⠀⠀⠀⠀⠀⠀[0;38;2;255;220;50;48;2;8;12;60m⡀[0;48;2;8;12;60m⠀⠀⠀⠀⠀⠀⠀⠀⠀⠀[0;38;2;255;220;50;48;2;8;12;60m⢸⣿[0;48;2;8;12;60m⠀⠀⠀⠀⠀⠀⠀⠀⠀⠀⠀[0;38;2;255;220;50;48;2;8;12;60m⡀[0;48;2;8;12;60m⠀⠀⠀⠀⠀⠀⠀⠀⠀⠀⠀⠀⠀⠀⠀⠀⠀⠀⠀⠀⠀⠀[0m
[0;48;2;9;14;62m⠀⠀⠀⠀⠀⠀⠀⠀⠀⠀⠀⠀⠀⠀⠀⠀⠀⠀⠀⠀⠀⠀⠀⠀⠀⠀⠀⠀⠀⠀⠀⠀⠀⠀⠀⠀⠀⠀⠀⠀⠀⠀⠀⠀⠀⠀⠀⠀⠀⠀⠀⠀⠀⠀⠀⠀⠀⠀⠀⠀⠀⠀⠀⠀⠀⠀⠀⠀⠀⠀⠀⠀[0;38;2;255;220;50;48;2;9;14;62m⠈⠻⣦⡀[0;48;2;9;14;62m⠀⠀⠀⠀⠀⠀⠀⠀[0;38;2;255;220;50;48;2;9;14;62m⠈⠋[0;48;2;9;14;62m⠀⠀⠀⠀⠀⠀⠀⠀⠀[0;38;2;255;220;50;48;2;9;14;62m⣠⡾⠋[0;48;2;9;14;62m⠀⠀⠀⠀⠀⠀⠀⠀⠀⠀⠀⠀⠀⠀⠀⠀⠀⠀⠀⠀⠀⠀[0m
[0;48;2;10;16;64m⠀⠀⠀⠀⠀⠀⠀⠀⠀⠀⠀⠀⠀⠀⠀⠀⠀⠀⠀⠀⠀⠀⠀⠀⠀⠀⠀⠀⠀⠀⠀⠀⠀⠀⠀⠀⠀⠀⠀⠀⠀⠀⠀⠀⠀⠀⠀⠀⠀⠀⠀⠀⠀⠀⠀⠀⠀⠀⠀⠀⠀⠀⠀⠀⠀⠀⠀⠀⠀⠀⠀⠀⠀⠀[0;38;2;255;220;50;48;2;10;16;64m⠈⠻⣦⡀[0;48;2;10;16;64m⠀⠀⠀⠀⠀⠀⠀⠀⠀⠀⠀⠀⠀⠀⠀[0;38;2;255;220;50;48;2;10;16;64m⣠⡾⠋[0;48;2;10;16;64m⠀⠀⠀⠀⠀⠀⠀⠀⠀⠀⠀⠀⠀⠀⠀⠀⠀⠀⠀⠀⠀⠀⠀⠀[0m
[0;48;2;11;18;66m⠀⠀⠀⠀⠀⠀⠀⠀⠀⠀⠀⠀⠀⠀⠀⠀⠀⠀⠀⠀⠀⠀⠀⠀⠀⠀⠀⠀⠀⠀⠀⠀⠀⠀⠀⠀⠀⠀⠀⠀⠀⠀⠀⠀⠀⠀⠀⠀⠀⠀⠀⠀⠀⠀⠀⠀⠀⠀⠀⠀⠀⠀⠀⠀⠀⠀⠀⠀⠀⠀⠀⠀⠀⠀⠀⠀[0;38;2;255;220;50;48;2;11;18;66m⠈[0;48;2;11;18;66m⠀⠀⠀[0;38;2;255;220;50;48;2;11;18;66m⢀⣠⣴⣶⣶⣷⣶⣶⣤⣀[0;48;2;11;18;66m⠀⠀⠀[0;38;2;255;220;50;48;2;11;18;66m⠈[0;38;2;220;220;230;48;2;11;18;66m⣀⡀⡀⣀⣀⢀⣀⣀⣀⢀⣀⣀⡀[0;48;2;11;18;66m⠀⠀⠀⠀⠀⠀⠀⠀⠀⠀⠀⠀⠀[0m
[0;48;2;12;20;68m⠀⠀⠀⠀⠀⠀⠀⠀⠀⠀⠀⠀⠀⠀⠀⠀⠀⠀⠀⠀⠀⠀⠀⠀⠀⠀⠀⠀⠀⠀⠀⠀⠀⠀⠀⠀⠀⠀⠀⠀⠀⠀⠀⠀⠀⠀⠀⠀⠀⠀⠀⠀⠀⠀⠀⠀⠀⠀⠀⠀⠀⠀⠀⠀⠀⠀⠀⠀⠀⠀⠀⠀⠀⠀⠀⠀⠀⠀[0;38;2;255;220;50;48;2;12;20;68m⢀⣴⣿⣿⣿⣿⣿⣿⣿⣿⣿⣿[0;38;2;220;220;230;48;2;12;20;68m⣿⣿⣾⣚⢶⠿⢷⣭⣧⢬⣮⣟⣟⢦⣿⠿⣪⡖⢶⡦[0;48;2;12;20;68m⠀⠀⠀⠀⠀⠀⠀⠀⠀⠀[0m
[0;48;2;13;22;70m⠀⠀⠀⠀⠀⠀⠀⠀⠀⠀⠀⠀⠀⠀⠀⠀⠀⠀⠀⠀⠀⠀⠀⠀⠀⠀⠀⠀⠀⠀⠀⠀⠀⠀⠀⠀⠀⠀⠀⠀⠀⠀⠀⠀⠀⠀⠀⠀⠀⠀⠀⠀⠀⠀⠀⠀⠀⠀⠀⠀⠀⠀⠀⠀⠀⠀⠀⠀⠀⠀⠀⠀⠀⠀⠀⠀⠀[0;38;2;255;220;50;48;2;13;22;70m⢀⣾⣿⣿⣿⣿⣿⣿⣿⣿⣿⣿⣿⣿⣿⣎[0;38;2;220;220;230;48;2;13;22;70m⣿⣾⡷⢽⣟⠽⣭⣻⡜⣥⣎⣼⣿⢯⢭⣄⢀⣀[0;48;2;13;22;70m⠀⠀⠀⠀⠀⠀⠀⠀⠀[0m
[0;48;2;14;24;72m⠀⠀⠀⠀⠀⠀⠀⠀⠀⠀⠀⠀⠀⠀⠀⠀⠀⠀⠀⠀⠀⠀⠀⠀⠀⠀⠀⠀⠀⠀⠀⠀⠀⠀⠀⠀⠀⠀⠀⠀⠀⠀⠀⠀⠀⠀⠀⠀⠀⠀⠀⠀⠀⠀⠀⠀⠀⠀⠀⠀⠀⠀⠀⠀⠀⠀⠀⠀[0;38;2;255;220;50;48;2;14;24;72m⣀⣀⣀⣀⣀⡀[0;38;2;40;40;50;48;2;14;24;72m⢀⡠⢄[0;38;2;255;220;50;48;2;14;24;72m⣸⣿⣿⣿⣿⣿⣿⣿⣿⣿⣿[0;38;2;220;220;230;48;2;14;24;72m⣿⣿⣿⣿⣿⣓⣹⢫⣿⣯⣿⣪⣿⣞⡿⣏⣿⡟⣿⢿⣼⠻⡽⣷⣳⡶⢄[0;48;2;14;24;72m⠀⠀⠀⠀⠀[0m
[0;48;2;15;26;74m⠀⠀⠀⠀⠀⠀⠀⠀⠀⠀⠀⠀⠀⠀⠀⠀⠀⠀⠀⠀⠀⠀⠀⠀⠀⠀⠀⠀⠀⠀⠀⠀⠀⠀⠀⠀⠀⠀⠀⠀⠀⠀⠀⠀⠀⠀⠀⠀⠀⠀⠀⠀⠀⠀⠀⠀⠀⠀⠀⠀⠀⠀⠀⠀⠀⠀⠀[0;38;2;255;220;50;48;2;15;26;74m⠈⠛⠛⠛⠛⠛[0;38;2;40;40;50;48;2;15;26;74m⣋⠥⢄⡀[0;38;2;255;220;50;48;2;15;26;74m⢹⣿⣿⣿⣿⣿⣿⣿⣿⣿⣿⣿[0;38;2;220;220;230;48;2;15;26;74m⣿⣿⣿⣿⡿⣿⣾⣿⣿⢿⣿⣿⣿⡿⣽⣗⣿⣗⣽⣭⢴⣿⠹⠿⠓⠁[0;48;2;15;26;74m⠀⠀⠀⠀⠀[0m
[0;48;2;16;28;76m⠀⠀⠀⠀⠀⠀⠀⠀⠀⠀⠀⠀⠀⠀⠀⠀⠀⠀⠀⠀⠀⠀⠀⠀⠀⠀⠀⠀⠀⠀⠀⠀⠀⠀⠀⠀⠀⠀⠀⠀⠀⠀⠀⠀⠀⠀⠀⠀⠀⠀⠀⠀⠀⠀⠀⠀⠀⠀⠀⠀⠀⠀⠀⠀⠀⠀⠀⠀⠀⠀⠀[0;38;2;40;40;50;48;2;16;28;76m⠈⠉[0;48;2;16;28;76m⠀⠀⠀[0;38;2;40;40;50;48;2;16;28;76m⠈[0;38;2;255;220;50;48;2;16;28;76m⠘⣿⣿⣿⣿⣿⣿⣿⣿⣿[0;38;2;220;220;230;48;2;16;28;76m⣿⣿⣿⣿⣿⣿⣿⣿⡿⣷⣽⣿⡽⣿⣽⡫⠟⠿⣿⡭⣯⣷⢿⣵⡯⠶⠂[0;48;2;16;28;76m⠀⠀⠀⠀⠀⠀[0m
[0;48;2;17;30;78m⠀⠀⠀⠀⠀⠀⠀⠀⠀⠀⠀⠀⠀[0;38;2;220;220;230;48;2;17;30;78m⢀⣀⣀⣀⡀⡄⣀⡀⡀⣀[0;48;2;17;30;78m⠀⠀⠀⠀⠀⠀⠀⠀⠀⠀⠀⠀⠀⠀⠀⠀⠀⠀⠀⠀⠀⠀⠀⠀⠀⠀⠀⠀⠀⠀⠀⠀⠀⠀⠀⠀⠀⠀⠀⠀⠀⠀⠀⠀⠀⠀⠀⠀⠀⠀⠀⠀⠀⠀⠀[0;38;2;255;220;50;48;2;17;30;78m⠘⢿⣿[0;38;2;220;220;230;48;2;17;30;78m⣿⣿⣿⣿⣿[0;38;2;255;220;50;48;2;17;30;78m⣿[0;38;2;220;220;230;48;2;17;30;78m⣿⣿⣿⣿⣿⣾⣛⣻⢿⣿⡷⢟⡻⡟⣷⣏⠖⠋⠚⠛⠚⠉⠁⠁[0;48;2;17;30;78m⠀⠀⠀⠀⠀⠀⠀⠀⠀[0m
[0;48;2;18;32;80m⠀⠀⠀⠀⠀⠀⠀⠀⠀⠀[0;38;2;220;220;230;48;2;18;32;80m⣠⢲⣯⡿⣞⣿⣾⡗⢯⢛⣬⣿⣼⣿⢒⠄⡀[0;48;2;18;32;80m⠀⠀⠀⠀⠀⠀⠀⠀⠀⠀⠀⠀⠀⠀⠀⠀⠀[0;38;2;220;220;230;48;2;18;32;80m⢀⢠⣀⣴⡶⣶⡼⣛⣷⣻⣾⢷⣻⢏⠛⢻⣞⣷⠻⣮⡷⣧⣲⡿⢇⡷⣦⣶⡶⣀⣤⣀[0;48;2;18;32;80m⠀⠀[0;38;2;220;220;230;48;2;18;32;80m⠐⢽⣿⣿⣿[0;38;2;255;220;50;48;2;18;32;80m⣿[0;38;2;220;220;230;48;2;18;32;80m⣿⣿[0;38;2;255;220;50;48;2;18;32;80m⣿[0;38;2;220;220;230;48;2;18;32;80m⣿⣿⣻⣋⣿⡇⣧⡮⣽⢷⣟⢻⢗⡳⠟⣿⣿⠇[0;48;2;18;32;80m⠀⠀⠀⠀⠀⠀⠀⠀⠀⠀⠀⠀⠀⠀⠀[0m
[0;48;2;19;34;82m⠀⠀⠀⠀⠀⠀⠀⠀⠀⠀[0;38;2;220;220;230;48;2;19;34;82m⠈⠛⠶⢮⡿⣻⠏⣝⣽⡼⣾⣵⡾⠽⠎⠉[0;48;2;19;34;82m⠀⠀⠀⠀⠀⠀⠀⠀⠀⠀⠀⠀⠀⠀⠀⠀⠀⠀[0;38;2;220;220;230;48;2;19;34;82m⠘⠛⠭⢿⡿⣿⣥⣿⠺⡿⣟⣯⣿⢿⣃⣞⣋⣝⣽⣞⣶⣿⠟⡺⣮⡞⢿⡷⣿⠟⠺⣻[0;38;2;255;220;50;48;2;19;34;82m⡾⠂[0;48;2;19;34;82m⠀⠀[0;38;2;220;220;230;48;2;19;34;82m⠁⠛⠹⠸⠿⣿⡿⣝⢧⣽⣿⣼⠿⢿⣶⣾⣜⣽⠓⠻⠯⠃⠁[0;48;2;19;34;82m⠀⠀⠀⠀⠀⠀⠀⠀⠀⠀⠀⠀⠀⠀⠀⠀⠀[0m
[0;48;2;20;36;84m⠀⠀⠀⠀⠀⠀⠀[0;38;2;34;180;34;48;2;20;36;84m⢀⢀⣀⣄⣤⣤⣤⣤⣄⣤⣀[0;38;2;220;220;230;48;2;20;36;84m⠁[0;48;2;20;36;84m⠀⠀⠀[0;38;2;34;180;34;48;2;20;36;84m⢀⣠⣄⣤⣤⣤⣤⣄⣄⣀⢀[0;48;2;20;36;84m⠀⠀⠀⠀⠀⠀⠀⠀⠀⠀⠀⠀⠀⠀⠀⠀⠀[0;38;2;220;220;230;48;2;20;36;84m⠈⠉⠉⠁⠉⠈⠉[0;38;2;40;40;50;48;2;20;36;84m⠬⠜⠋⠋⠚[0;38;2;220;220;230;48;2;20;36;84m⠍⠈⠁⠉⠉⠉⠁⠁[0;48;2;20;36;84m⠀⠀⠀[0;38;2;255;220;50;48;2;20;36;84m⣠⡾⠋[0;48;2;20;36;84m⠀⠀⠀⠀⠀⠀⠀⠀⠀[0;38;2;255;220;50;48;2;20;36;84m⡀[0;48;2;20;36;84m⠀⠀⠀⠀⠀[0;38;2;40;40;50;48;2;20;36;84m⣈⡠⠔⠚[0;38;2;255;220;50;48;2;20;36;84m⠿⣦⡀[0;48;2;20;36;84m⠀⠀⠀⠀⠀⠀⠀⠀⠀⠀⠀⠀⠀⠀⠀⠀⠀⠀⠀⠀⠀⠀[0m
[0;48;2;21;38;86m⠀⠀⠀[0;38;2;34;180;34;48;2;21;38;86m⢀⣤⣦⣾⣿⣿⣿⣿⣿⣿⣿⣿⣿⣿⣿⣿⣷⣶⣿⣿⣿⣿⣿⣿⣿⣿⣿⣿⣿⣿⣿⣦⣦⣄[0;48;2;21;38;86m⠀⠀⠀⠀⠀⠀⠀⠀[0;38;2;34;180;34;48;2;21;38;86m⡀⣀⣀⣀⣀⡀⣀[0;48;2;21;38;86m⠀⠀⠀⠀⠀⠀[0;38;2;34;180;34;48;2;21;38;86m⢀⡀⣀⣀⣀⣀⡀⡀[0;48;2;21;38;86m⠀⠀⠀⠀⠀⠀[0;38;2;255;220;50;48;2;21;38;86m⠈⠋[0;48;2;21;38;86m⠀⠀⠀⠀⠀⠀⠀⠀⠀⠀[0;38;2;255;220;50;48;2;21;38;86m⢸⣿[0;48;2;21;38;86m⠀⠀⠀⠀⠀⠀⠀⠀⠀⠀[0;38;2;255;220;50;48;2;21;38;86m⠈⠋[0;48;2;21;38;86m⠀⠀⠀⠀⠀⠀⠀⠀⠀⠀⠀⠀⠀⠀⠀⠀⠀⠀⠀⠀⠀⠀[0m
[0;48;2;22;40;88m⠀[0;38;2;34;180;34;48;2;22;40;88m⣠⣾⣿⢿⠿⠋⣫⣷⣾⣿⡿⠿⢛⣽⣿⣿⣿⣿⣿⣿⣿⣿⣿⣿⣿⣝⠻⠿⣿⣿⣶⣯⡋⠻⢿⢿⣿⣦⣀⣄⣴⣾⣾⣿⣿⣿⣿⣿⣿⣿⣿⣿⣶⣦⣤⣶⣾⣿⣿⣿⣿⣿⣿⣿⣿⣿⣾⣶⣄⣄⡀[0;48;2;22;40;88m⠀⠀⠀⠀⠀⠀⠀⠀⠀⠀⠀⠀[0;38;2;255;220;50;48;2;22;40;88m⢸⣿[0;48;2;22;40;88m⠀⠀⠀⠀⠀⠀⠀⠀⠀⠀⠀⠀⠀⠀⠀⠀⠀⠀⠀⠀⠀⠀⠀⠀⠀⠀⠀⠀⠀⠀⠀⠀⠀⠀[0m
[0;38;2;34;180;34;48;2;23;42;90m⡿⠟⠟⠁⢀⣴⣿⣿⠿⠋⠈⢀⣴⣿⡿⠋⢡⣿⣿[0;38;2;139;90;43;48;2;23;42;90m⢻⣿[0;38;2;34;180;34;48;2;23;42;90m⣿⣿⣧⠉⠻⣿⣷⣄⠈⠈⠻⢿⣿⣷⣄⢀⣽⣿⣿⣿⣟⢟⣯⣽⣿⣿⣿⠿⣻⣿⣿⣿⣿⣿⣿⣿⣿⣿⣿⣿⡻⢿⣿⣿⣿⣭⣟⠟⢿⣿⣿⣶⣄[0;48;2;23;42;90m⠀⠀⠀⠀⠀⠀⠀⠀⠀⠀[0;38;2;255;220;50;48;2;23;42;90m⠸⡿[0;48;2;23;42;90m⠀⠀⠀⠀⠀⠀⠀⠀⠀⠀⠀⠀⠀⠀⠀⠀⠀⠀⠀⠀⠀⠀⠀⠀⠀⠀⠀⠀⠀⠀⠀⠀⠀⠀[0m
[0;48;2;24;44;92m⠀⠀⠀[0;38;2;34;180;34;48;2;24;44;92m⣠⣾⠿⠛⠁[0;48;2;24;44;92m⠀⠀[0;38;2;34;180;34;48;2;24;44;92m⣰⣿⡟⠉[0;48;2;24;44;92m⠀[0;38;2;34;180;34;48;2;24;44;92m⢠⣿⣿⠃[0;38;2;139;90;43;48;2;24;44;92m⠈⣿⣿[0;38;2;34;180;34;48;2;24;44;92m⣿⣿⣧[0;48;2;24;44;92m⠀[0;38;2;34;180;34;48;2;24;44;92m⠈⠙⣿⣷⡀[0;48;2;24;44;92m⠀⠀[0;38;2;34;180;34;48;2;24;44;92m⠙⣻⣿⣿⡿⠋⠈⣨⣿⣿⣿⡟⠙⠁⣠⣾⣿⠟⢋⣿⣿[0;38;2;139;90;43;48;2;24;44;92m⣿⣿[0;38;2;34;180;34;48;2;24;44;92m⣿⣿⣏⠛⢿⣿⣦⡀⠙⠙⢿⣿⣷⣦⣮⣾⣿⣿⣷⣦⣶⣤⣀⡀[0;48;2;24;44;92m⠀[0;38;2;34;180;34;48;2;24;44;92m⣀⣠⣴⣦⣶⣶⣶⣶⣦⣦⣤⣠⣀[0;48;2;24;44;92m⠀⠀⠀⠀⠀⠀⠀⠀⠀⠀⠀⠀⠀⠀⠀⠀⠀⠀⠀⠀⠀⠀⠀⠀⠀⠀[0m
[0;48;2;25;46;94m⠀[0;38;2;34;180;34;48;2;25;46;94m⣠⣾⠟⠁[0;48;2;25;46;94m⠀⠀⠀[0;38;2;34;180;34;48;2;25;46;94m⣠⣾⣿⠋[0;48;2;25;46;94m⠀⠀[0;38;2;34;180;34;48;2;25;46;94m⢀⣿⣿⠃[0;48;2;25;46;94m⠀⠀[0;38;2;139;90;43;48;2;25;46;94m⠹⣿⣿[0;38;2;34;180;34;48;2;25;46;94m⣿⣿⣇[0;48;2;25;46;94m⠀⠀[0;38;2;34;180;34;48;2;25;46;94m⠈⢻⣿⣦⣴⡾⠛⠁⠙⢿⣦⣼⣿⠿⠋⠙⢿⣦⣾⡿⠛⠁⢀⣾⣿⢯[0;38;2;139;90;43;48;2;25;46;94m⣿⣿⣯[0;38;2;34;180;34;48;2;25;46;94m⢿⣿⣆[0;48;2;25;46;94m⠀[0;38;2;34;180;34;48;2;25;46;94m⠙⢻⣿⣶⣷⣿⣿⡿⢿⣿⣿⣿⣿⣿⣿⣿⣿⣿⣿⣿⣿⣿⣿⣿⣿⣿⣿⣿⣿⣿⠿⣿⣿⣷⣷⣦⣀[0;48;2;25;46;94m⠀⠀⠀⠀⠀⠀⠀⠀⠀⠀⠀⠀⠀⠀⠀⠀⠀⠀⠀⠀⠀⠀[0m
[0;38;2;34;180;34;48;2;26;48;96m⣴⡟⠁[0;48;2;26;48;96m⠀⠀⠀⠀[0;38;2;34;180;34;48;2;26;48;96m⢀⣾⠛⠁[0;48;2;26;48;96m⠀⠀⠀[0;38;2;34;180;34;48;2;26;48;96m⣼⣿⡏[0;48;2;26;48;96m⠀⠀⠀[0;38;2;139;90;43;48;2;26;48;96m⠈⣿⣿⣿[0;38;2;34;180;34;48;2;26;48;96m⣿⣿⡄[0;48;2;26;48;96m⠀⠀[0;38;2;34;180;34;48;2;26;48;96m⢀⣽⣿⣏[0;48;2;26;48;96m⠀⠀⠀[0;38;2;34;180;34;48;2;26;48;96m⢀⣴⡿⣿⣄[0;48;2;26;48;96m⠀⠀[0;38;2;34;180;34;48;2;26;48;96m⢀⣴⣿⠟⠁[0;48;2;26;48;96m⠀⠀[0;38;2;34;180;34;48;2;26;48;96m⣾⣿⠏[0;38;2;139;90;43;48;2;26;48;96m⢘⣿⣿⣟[0;38;2;34;180;34;48;2;26;48;96m⠈⢿⣿⣆⣴⣿⡿⢿⣿⣅⣵⣿⣿⢿⠿⣿⣭⣾⣿⡿⣿⣿⣿[0;38;2;139;90;43;48;2;26;48;96m⣿[0;38;2;34;180;34;48;2;26;48;96m⣿⣿⡿⣿⣿⣮⡙⠛⢿⢿⣿⣷⣅⡙⠻⠻⣿⣷⣄⡀[0;48;2;26;48;96m⠀⠀⠀⠀⠀⠀⠀⠀⠀⠀⠀⠀⠀⠀⠀⠀⠀⠀⠀[0m
[0;38;2;34;180;34;48;2;27;50;98m⠉[0;48;2;27;50;98m⠀⠀⠀⠀⠀[0;38;2;34;180;34;48;2;27;50;98m⣠⡿⠋[0;48;2;27;50;98m⠀⠀⠀⠀[0;38;2;34;180;34;48;2;27;50;98m⢈⣿⠏[0;48;2;27;50;98m⠀⠀⠀⠀⠀[0;38;2;139;90;43;48;2;27;50;98m⢸⣿⣿⣯[0;38;2;34;180;34;48;2;27;50;98m⢿⣏[0;48;2;27;50;98m⠀⠀⠀[0;38;2;34;180;34;48;2;27;50;98m⠉⠈⠻⣧⡀⣠⡿⠋[0;48;2;27;50;98m⠀[0;38;2;34;180;34;48;2;27;50;98m⠈⠁[0;48;2;27;50;98m⠀⠀[0;38;2;34;180;34;48;2;27;50;98m⣽⠿⠋[0;48;2;27;50;98m⠀⠀⠀[0;38;2;34;180;34;48;2;27;50;98m⣸⣿⡟[0;48;2;27;50;98m⠀[0;38;2;139;90;43;48;2;27;50;98m⠸⣿⣿⡿[0;38;2;34;180;34;48;2;27;50;98m⢀⣸⣿⣿⡋⠋[0;48;2;27;50;98m⠀[0;38;2;34;180;34;48;2;27;50;98m⢨⣿⣿⡿⠛⠁[0;48;2;27;50;98m⠀[0;38;2;34;180;34;48;2;27;50;98m⣠⣾⣿⣿⡁⣰⣿⡿[0;38;2;139;90;43;48;2;27;50;98m⣿⣿[0;38;2;34;180;34;48;2;27;50;98m⡿⣿⣷⡀⠙⢿⣿⣦⡀[0;48;2;27;50;98m⠀[0;38;2;34;180;34;48;2;27;50;98m⠙⠻⣿⣿⣦[0;48;2;27;50;98m⠀[0;38;2;34;180;34;48;2;27;50;98m⠈⠋⠛⢿⣦⣀[0;48;2;27;50;98m⠀⠀⠀⠀⠀⠀⠀⠀⠀⠀⠀⠀⠀⠀⠀⠀⠀[0m
[0;48;2;28;52;100m⠀⠀⠀⠀⠀[0;38;2;34;180;34;48;2;28;52;100m⣼⡿⠁[0;48;2;28;52;100m⠀⠀⠀⠀⠀[0;38;2;34;180;34;48;2;28;52;100m⣸⡟[0;48;2;28;52;100m⠀⠀⠀⠀⠀⠀[0;38;2;139;90;43;48;2;28;52;100m⠈⢿⣿⣿⡞[0;38;2;34;180;34;48;2;28;52;100m⣿⡀[0;48;2;28;52;100m⠀⠀⠀⠀⠀[0;38;2;34;180;34;48;2;28;52;100m⠹⣿⡟⠁[0;48;2;28;52;100m⠀⠀⠀⠀[0;38;2;34;180;34;48;2;28;52;100m⢀⣾⠟[0;48;2;28;52;100m⠀⠀⠀⠀[0;38;2;34;180;34;48;2;28;52;100m⠐⣿⡟⠁[0;48;2;28;52;100m⠀[0;38;2;139;90;43;48;2;28;52;100m⢸⣿⣿[0;38;2;34;180;34;48;2;28;52;100m⣿⡿⠋⠙⣿⡗⢀⣴⡿⠛⠙⢿⣆⢀⣼⣿⠏[0;48;2;28;52;100m⠀[0;38;2;34;180;34;48;2;28;52;100m⠙⣻⣿⡿[0;38;2;139;90;43;48;2;28;52;100m⠙⣿⣿⣿[0;38;2;34;180;34;48;2;28;52;100m⡽⣿⣷⡀[0;48;2;28;52;100m⠀[0;38;2;34;180;34;48;2;28;52;100m⠈⢿⣿⣄[0;48;2;28;52;100m⠀⠀[0;38;2;34;180;34;48;2;28;52;100m⠈⠙⠻⣷⣄[0;48;2;28;52;100m⠀⠀⠀[0;38;2;34;180;34;48;2;28;52;100m⠈⠻⣷⣄[0;48;2;28;52;100m⠀⠀⠀⠀⠀⠀⠀⠀⠀⠀⠀⠀⠀⠀⠀[0m
[0;48;2;29;54;102m⠀⠀⠀⠀[0;38;2;34;180;34;48;2;29;54;102m⠐⠟[0;48;2;29;54;102m⠀⠀⠀⠀⠀⠀[0;38;2;34;180;34;48;2;29;54;102m⢠⣿⠃[0;48;2;29;54;102m⠀⠀⠀⠀⠀⠀⠀[0;38;2;139;90;43;48;2;29;54;102m⢹⣿⣿⣷[0;38;2;34;180;34;48;2;29;54;102m⢻⣧[0;48;2;29;54;102m⠀⠀⠀⠀⠀⠀[0;38;2;34;180;34;48;2;29;54;102m⠘⠗[0;48;2;29;54;102m⠀⠀⠀⠀[0;38;2;34;180;34;48;2;29;54;102m⣰⣿⠃[0;48;2;29;54;102m⠀⠀⠀⠀⠀[0;38;2;34;180;34;48;2;29;54;102m⢸⡿[0;48;2;29;54;102m⠀⠀⠀[0;38;2;139;90;43;48;2;29;54;102m⢰⣿[0;38;2;34;180;34;48;2;29;54;102m⣿[0;38;2;139;90;43;48;2;29;54;102m⣿[0;48;2;29;54;102m⠀⠀⠀[0;38;2;34;180;34;48;2;29;54;102m⠸⣿⡿⠋[0;48;2;29;54;102m⠀⠀⠀⠀[0;38;2;34;180;34;48;2;29;54;102m⢿⣿⡿⠁[0;48;2;29;54;102m⠀⠀[0;38;2;34;180;34;48;2;29;54;102m⢠⣿⣿⠁[0;48;2;29;54;102m⠀[0;38;2;139;90;43;48;2;29;54;102m⣾⣿⣿⡆[0;38;2;34;180;34;48;2;29;54;102m⢹⣿⣧[0;48;2;29;54;102m⠀⠀⠀[0;38;2;34;180;34;48;2;29;54;102m⠹⣿⣷⠄[0;48;2;29;54;102m⠀⠀⠀[0;38;2;34;180;34;48;2;29;54;102m⠈⠻⣷⡄[0;48;2;29;54;102m⠀⠀⠀[0;38;2;34;180;34;48;2;29;54;102m⠈⠻⠗[0;48;2;29;54;102m⠀⠀⠀⠀⠀⠀⠀⠀⠀⠀⠀⠀⠀⠀[0m
[0;48;2;30;56;104m⠀⠀⠀⠀⠀⠀⠀⠀⠀⠀⠀⠀[0;38;2;34;180;34;48;2;30;56;104m⢼⠏[0;48;2;30;56;104m⠀⠀⠀⠀⠀⠀⠀⠀[0;38;2;139;90;43;48;2;30;56;104m⠐⣿⣿⣿⡌[0;38;2;34;180;34;48;2;30;56;104m⢿⠄[0;48;2;30;56;104m⠀⠀⠀⠀⠀⠀⠀⠀⠀⠀[0;38;2;34;180;34;48;2;30;56;104m⠠⡿⠁[0;48;2;30;56;104m⠀⠀⠀⠀⠀[0;38;2;34;180;34;48;2;30;56;104m⢀⣿⠇[0;48;2;30;56;104m⠀⠀⠀[0;38;2;139;90;43;48;2;30;56;104m⢨⣿⣿⣯[0;48;2;30;56;104m⠀⠀[0;38;2;34;180;34;48;2;30;56;104m⠠⣾⢿⣇[0;48;2;30;56;104m⠀⠀⠀⠀[0;38;2;34;180;34;48;2;30;56;104m⣠⣿⠹⡧[0;48;2;30;56;104m⠀⠀[0;38;2;34;180;34;48;2;30;56;104m⢀⣾⣿⠇[0;48;2;30;56;104m⠀⠀[0;38;2;139;90;43;48;2;30;56;104m⣽⣿⣿⡅[0;48;2;30;56;104m⠀[0;38;2;34;180;34;48;2;30;56;104m⢿⣿⣆[0;48;2;30;56;104m⠀⠀⠀[0;38;2;34;180;34;48;2;30;56;104m⠈⢹⣧⡀[0;48;2;30;56;104m⠀⠀⠀⠀[0;38;2;34;180;34;48;2;30;56;104m⠈⢿⡦[0;48;2;30;56;104m⠀⠀⠀⠀⠀⠀⠀⠀⠀⠀⠀⠀⠀⠀⠀⠀⠀⠀⠀[0m
[0;48;2;31;58;106m⠀⠀⠀⠀⠀⠀⠀⠀⠀⠀⠀⠀⠀⠀⠀⠀⠀⠀⠀⠀⠀⠀⠀[0;38;2;139;90;43;48;2;31;58;106m⢹⣿⣿⣗[0;48;2;31;58;106m⠀⠀⠀⠀⠀⠀⠀⠀⠀⠀⠀⠀⠀⠀⠀⠀⠀⠀⠀⠀[0;38;2;34;180;34;48;2;31;58;106m⣸⡟[0;48;2;31;58;106m⠀⠀⠀⠀[0;38;2;139;90;43;48;2;31;58;106m⢘⣿⣿⣟[0;48;2;31;58;106m⠀⠀⠀⠀[0;38;2;34;180;34;48;2;31;58;106m⠘⣿⡀[0;48;2;31;58;106m⠀[0;38;2;34;180;34;48;2;31;58;106m⢀⣴⡟⠁[0;48;2;31;58;106m⠀⠀⠀⠀[0;38;2;34;180;34;48;2;31;58;106m⢠⣿⠃[0;48;2;31;58;106m⠀⠀⠀[0;38;2;139;90;43;48;2;31;58;106m⣻⣿⣿⡃[0;48;2;31;58;106m⠀⠀[0;38;2;34;180;34;48;2;31;58;106m⢻⣧[0;48;2;31;58;106m⠀⠀⠀⠀⠀[0;38;2;34;180;34;48;2;31;58;106m⠙⣷⣄[0;48;2;31;58;106m⠀⠀⠀⠀⠀⠀⠀⠀⠀⠀⠀⠀⠀⠀⠀⠀⠀⠀⠀⠀⠀⠀⠀⠀⠀[0m
[0;48;2;32;60;108m⠀⠀⠀⠀⠀⠀⠀⠀⠀⠀⠀⠀⠀⠀⠀⠀⠀⠀⠀⠀⠀⠀⠀[0;38;2;139;90;43;48;2;32;60;108m⠘⣿⣿⣿⡄[0;48;2;32;60;108m⠀⠀⠀⠀⠀⠀⠀⠀⠀⠀⠀⠀⠀⠀⠀⠀⠀⠀⠀[0;38;2;34;180;34;48;2;32;60;108m⠈[0;48;2;32;60;108m⠀⠀⠀⠀⠀[0;38;2;139;90;43;48;2;32;60;108m⠸⣿⣿⡿[0;48;2;32;60;108m⠀⠀⠀⠀⠀[0;38;2;34;180;34;48;2;32;60;108m⠈[0;48;2;32;60;108m⠀⠀[0;38;2;34;180;34;48;2;32;60;108m⣾⠟[0;48;2;32;60;108m⠀⠀⠀⠀⠀⠀[0;38;2;34;180;34;48;2;32;60;108m⣼⡏[0;48;2;32;60;108m⠀⠀⠀⠀[0;38;2;139;90;43;48;2;32;60;108m⢿⣿⣿⠇[0;48;2;32;60;108m⠀⠀[0;38;2;34;180;34;48;2;32;60;108m⠈⣿⡄[0;48;2;32;60;108m⠀⠀⠀⠀⠀[0;38;2;34;180;34;48;2;32;60;108m⠘⢿⡆[0;48;2;32;60;108m⠀⠀⠀⠀⠀⠀⠀⠀⠀⠀⠀⠀⠀⠀⠀⠀⠀⠀⠀⠀⠀⠀⠀⠀[0m
[0;48;2;33;62;110m⠀⠀⠀⠀⠀⠀⠀⠀⠀⠀⠀⠀⠀⠀⠀⠀⠀⠀⠀⠀⠀⠀⠀⠀[0;38;2;139;90;43;48;2;33;62;110m⢾⣿⣿⣆[0;48;2;33;62;110m⠀⠀⠀⠀⠀⠀⠀⠀⠀⠀⠀⠀⠀⠀⠀⠀⠀⠀⠀⠀⠀⠀⠀⠀⠀[0;38;2;139;90;43;48;2;33;62;110m⢸⣿⣿⣿[0;48;2;33;62;110m⠀⠀⠀⠀⠀⠀⠀[0;38;2;34;180;34;48;2;33;62;110m⠈⠋[0;48;2;33;62;110m⠀⠀⠀⠀⠀⠀[0;38;2;34;180;34;48;2;33;62;110m⢰⣿⠁[0;48;2;33;62;110m⠀⠀⠀⠀[0;38;2;139;90;43;48;2;33;62;110m⣿⣿⣿⡇[0;48;2;33;62;110m⠀⠀⠀[0;38;2;34;180;34;48;2;33;62;110m⢹⣷[0;48;2;33;62;110m⠀⠀⠀⠀⠀⠀[0;38;2;34;180;34;48;2;33;62;110m⠈⠋[0;48;2;33;62;110m⠀⠀⠀⠀⠀⠀⠀⠀⠀⠀⠀⠀⠀⠀⠀⠀⠀⠀⠀⠀⠀⠀⠀⠀[0m
[0;48;2;34;64;112m⠀⠀⠀⠀⠀⠀⠀⠀⠀⠀⠀⠀⠀⠀⠀⠀⠀⠀⠀⠀⠀⠀⠀⠀[0;38;2;139;90;43;48;2;34;64;112m⢘⣿⣿⣟[0;48;2;34;64;112m⠀⠀⠀⠀⠀⠀⠀⠀⠀⠀⠀⠀⠀⠀⠀⠀⠀⠀⠀⠀⠀⠀⠀⠀⠀[0;38;2;139;90;43;48;2;34;64;112m⢰⣿⣿⣷[0;48;2;34;64;112m⠀⠀⠀⠀⠀⠀⠀⠀⠀⠀⠀⠀⠀⠀⠀[0;38;2;34;180;34;48;2;34;64;112m⠺⠃[0;48;2;34;64;112m⠀⠀⠀⠀⠀[0;38;2;139;90;43;48;2;34;64;112m⢾⣿⣿⣆[0;48;2;34;64;112m⠀⠀⠀⠀[0;38;2;34;180;34;48;2;34;64;112m⠻⠂[0;48;2;34;64;112m⠀⠀⠀⠀⠀⠀⠀⠀⠀⠀⠀⠀⠀⠀⠀⠀⠀⠀⠀⠀⠀⠀⠀⠀⠀⠀⠀⠀⠀⠀⠀[0m
[0;48;2;35;66;114m⠀⠀⠀⠀⠀⠀⠀⠀⠀⠀⠀⠀⠀⠀⠀⠀⠀⠀⠀⠀⠀⠀⠀⠀[0;38;2;139;90;43;48;2;35;66;114m⠈⢿⣿⣿⠆[0;48;2;35;66;114m⠀⠀⠀⠀⠀⠀⠀⠀⠀⠀⠀⠀⠀⠀⠀⠀⠀⠀⠀⠀⠀⠀⠀⠀[0;38;2;139;90;43;48;2;35;66;114m⢨⣿⣿⣯[0;48;2;35;66;114m⠀⠀⠀⠀⠀⠀⠀⠀⠀⠀⠀⠀⠀⠀⠀⠀⠀⠀⠀⠀⠀⠀[0;38;2;139;90;43;48;2;35;66;114m⢨⣿⣿⣯[0;48;2;35;66;114m⠀⠀⠀⠀⠀⠀⠀⠀⠀⠀⠀⠀⠀⠀⠀⠀⠀⠀⠀⠀⠀⠀⠀⠀⠀⠀⠀⠀⠀⠀⠀⠀⠀⠀⠀⠀⠀[0m
[0;48;2;36;68;116m⠀⠀⠀⠀⠀⠀⠀⠀⠀⠀⠀⠀⠀⠀⠀⠀⠀⠀⠀⠀⠀⠀⠀⠀⠀[0;38;2;139;90;43;48;2;36;68;116m⢿⣿⣿⣇[0;48;2;36;68;116m⠀⠀⠀⠀⠀⠀⠀⠀⠀⠀⠀⠀⠀⠀⠀⠀⠀⠀⠀⠀⠀⠀⠀⠀[0;38;2;139;90;43;48;2;36;68;116m⣻⣿⣿⡃[0;48;2;36;68;116m⠀⠀⠀⠀⠀⠀⠀⠀⠀⠀⠀⠀⠀⠀⠀⠀⠀⠀⠀⠀⠀⠀[0;38;2;139;90;43;48;2;36;68;116m⢘⣿⣿⣟[0;48;2;36;68;116m⠀⠀⠀⠀⠀⠀⠀⠀⠀⠀⠀⠀⠀⠀⠀⠀⠀⠀⠀⠀⠀⠀⠀⠀⠀⠀⠀⠀⠀⠀⠀⠀⠀⠀⠀⠀⠀[0m
[0;48;2;37;70;118m⠀⠀⠀⠀⠀⠀⠀⠀⠀⠀⠀⠀⠀⠀⠀⠀⠀⠀⠀⠀⠀⠀⠀⠀⠀[0;38;2;139;90;43;48;2;37;70;118m⢨⣿⣿⣯[0;48;2;37;70;118m⠀⠀⠀⠀⠀⠀⠀⠀⠀⠀⠀⠀⠀⠀⠀⠀⠀⠀⠀⠀⠀⠀⠀⠀[0;38;2;139;90;43;48;2;37;70;118m⢿⣿⣿⠇[0;48;2;37;70;118m⠀⠀⠀⠀⠀⠀⠀⠀⠀⠀⠀⠀⠀⠀⠀⠀⠀⠀⠀⠀⠀⠀[0;38;2;139;90;43;48;2;37;70;118m⢸⣿⣿⡿[0;48;2;37;70;118m⠀⠀⠀⠀⠀⠀⠀⠀⠀⠀⠀⠀⠀⠀⠀⠀⠀⠀⠀⠀⠀⠀⠀⠀⠀⠀⠀⠀⠀⠀⠀⠀⠀⠀⠀⠀⠀[0m
[0;48;2;38;72;120m⠀⠀⠀⠀⠀⠀⠀⠀⠀⠀⠀⠀⠀⠀⠀⠀⠀⠀⠀⠀⠀⠀⠀⠀⠀[0;38;2;139;90;43;48;2;38;72;120m⠈⢿⣿⣿⠆[0;48;2;38;72;120m⠀⠀⠀⠀⠀⠀⠀⠀⠀⠀⠀⠀⠀⠀⠀⠀⠀⠀⠀⠀⠀⠀⠀[0;38;2;139;90;43;48;2;38;72;120m⣿⣿⣿⡇[0;48;2;38;72;120m⠀⠀⠀⠀⠀⠀⠀⠀⠀⠀⠀⠀⠀⠀⠀⠀⠀⠀⠀⠀⠀⠀[0;38;2;139;90;43;48;2;38;72;120m⣾⣿⣿⡏[0;48;2;38;72;120m⠀⠀⠀⠀⠀⠀⠀⠀⠀⠀⠀⠀⠀⠀⠀⠀⠀⠀⠀⠀⠀⠀⠀⠀⠀⠀⠀⠀⠀⠀⠀⠀⠀⠀⠀⠀⠀[0m
[0;48;2;39;74;122m⠀⠀⠀⠀⠀⠀⠀⠀⠀⠀⠀⠀⠀⠀⠀⠀⠀⠀⠀⠀⠀⠀⠀⠀⠀⠀[0;38;2;139;90;43;48;2;39;74;122m⢿⣿⣿⣧[0;48;2;39;74;122m⠀⠀⠀⠀⠀⠀⠀⠀⠀⠀⠀⠀⠀⠀⠀⠀⠀⠀⠀⠀⠀⠀[0;38;2;139;90;43;48;2;39;74;122m⢀⣾⣿⣿⠆[0;48;2;39;74;122m⠀⠀⠀⠀⠀⠀⠀⠀⠀⠀⠀⠀⠀⠀⠀⠀⠀⠀⠀⠀⠀⠀[0;38;2;139;90;43;48;2;39;74;122m⣾⣿⣿⡆[0;48;2;39;74;122m⠀⠀⠀⠀⠀⠀⠀⠀⠀⠀⠀⠀⠀⠀⠀⠀⠀⠀⠀⠀⠀⠀⠀⠀⠀⠀⠀⠀⠀⠀⠀⠀⠀⠀⠀⠀⠀[0m
[0;48;2;40;76;124m⠀⠀⠀⠀⠀⠀⠀⠀⠀⠀⠀⠀⠀⠀⠀⠀⠀⠀⠀⠀⠀⠀⠀⠀⠀⠀[0;38;2;139;90;43;48;2;40;76;124m⣽⣿⣿⣿⡅[0;48;2;40;76;124m⠀⠀⠀⠀⠀⠀⠀⠀⠀⠀⠀⠀⠀⠀⠀⠀⠀⠀⠀⠀⠀[0;38;2;139;90;43;48;2;40;76;124m⢨⣿⣿⣯[0;48;2;40;76;124m⠀⠀⠀⠀⠀⠀⠀⠀⠀⠀⠀⠀⠀⠀⠀⠀⠀⠀⠀⠀⠀⠀⠀[0;38;2;139;90;43;48;2;40;76;124m⣽⣿⣿⡅[0;48;2;40;76;124m⠀⠀⠀⠀⠀⠀⠀⠀⠀⠀⠀⠀⠀⠀⠀⠀⠀⠀⠀⠀⠀⠀⠀⠀⠀⠀⠀⠀⠀⠀⠀⠀⠀⠀⠀⠀⠀[0m
[0;48;2;41;78;126m⠀⠀⠀⠀⠀⠀⠀⠀⠀⠀⠀⠀⠀⠀⠀⠀⠀⠀⠀⠀⠀⠀⠀⠀⠀⠀[0;38;2;139;90;43;48;2;41;78;126m⢿⣿⣿⣿⡇[0;48;2;41;78;126m⠀⠀⠀⠀⠀⠀⠀⠀⠀⠀⠀⠀⠀⠀⠀⠀⠀⠀⠀⠀⠀[0;38;2;139;90;43;48;2;41;78;126m⣸⣿⣿⣿[0;48;2;41;78;126m⠀⠀⠀⠀⠀⠀⠀⠀⠀⠀⠀⠀⠀⠀⠀⠀⠀⠀⠀⠀⠀⠀⠀[0;38;2;139;90;43;48;2;41;78;126m⣻⣿⣿⡃[0;48;2;41;78;126m⠀⠀⠀⠀⠀⠀⠀⠀⠀⠀⠀⠀⠀⠀⠀⠀⠀⠀⠀⠀⠀⠀⠀⠀⠀⠀⠀⠀⠀⠀⠀⠀⠀⠀⠀⠀⠀[0m
[0;48;2;42;80;128m⠀⠀⠀⠀⠀⠀⠀⠀⠀⠀⠀⠀⠀⠀⠀⠀⠀⠀⠀⠀⠀⠀⠀⠀⠀⠀[0;38;2;139;90;43;48;2;42;80;128m⢸⣿⣿⣿⣿[0;48;2;42;80;128m⠀⠀⠀⠀⠀⠀⠀⠀⠀⠀⠀⠀⠀⠀⠀⠀⠀⠀⠀⠀[0;38;2;139;90;43;48;2;42;80;128m⠰⣿⣿⣿⡿⠁[0;48;2;42;80;128m⠀⠀⠀⠀⠀⠀⠀⠀⠀⠀⠀⠀⠀⠀⠀⠀⠀⠀⠀⠀⠀⠀[0;38;2;139;90;43;48;2;42;80;128m⢿⣿⣿⠇[0;48;2;42;80;128m⠀⠀⠀⠀⠀⠀⠀⠀⠀⠀⠀⠀⠀⠀⠀⠀⠀⠀⠀⠀⠀⠀⠀⠀⠀⠀⠀⠀⠀⠀⠀⠀⠀⠀⠀⠀⠀[0m
[0;48;2;43;82;130m⠀⠀⠀⠀⠀⠀⠀⠀⠀⠀⠀⠀⠀⠀⠀⠀⠀⠀⠀⠀⠀⠀⠀⠀⠀⠀[0;38;2;139;90;43;48;2;43;82;130m⢰⣿⣿⣿⣷[0;48;2;43;82;130m⠀⠀⠀⠀⠀⠀⠀⠀⠀⠀⠀⠀⠀⠀⠀⠀⠀⠀⠀⠀[0;38;2;139;90;43;48;2;43;82;130m⢸⣿⣿⣿⣿[0;48;2;43;82;130m⠀⠀⠀⠀⠀⠀⠀⠀⠀⠀⠀⠀⠀⠀⠀⠀⠀⠀⠀⠀⠀⠀⠀[0;38;2;139;90;43;48;2;43;82;130m⣿⣿⣿⡇[0;48;2;43;82;130m⠀⠀⠀⠀⠀⠀⠀⠀⠀⠀⠀⠀⠀⠀⠀⠀⠀⠀⠀⠀⠀⠀⠀⠀⠀⠀⠀⠀⠀⠀⠀⠀⠀⠀⠀⠀⠀[0m
[0;48;2;44;84;132m⠀⠀⠀⠀⠀⠀⠀⠀⠀⠀⠀⠀⠀⠀⠀⠀⠀⠀⠀⠀⠀⠀⠀⠀⠀⠀⠀[0;38;2;139;90;43;48;2;44;84;132m⣻⣿⣿⣿⡃[0;48;2;44;84;132m⠀⠀⠀⠀⠀⠀⠀⠀⠀⠀⠀⠀⠀⠀⠀⠀⠀⠀⠀[0;38;2;139;90;43;48;2;44;84;132m⣼⣿⣿⣿⡗[0;48;2;44;84;132m⠀⠀⠀⠀⠀⠀⠀⠀⠀⠀⠀⠀⠀⠀⠀⠀⠀⠀⠀⠀⠀⠀[0;38;2;139;90;43;48;2;44;84;132m⣼⣿⣿⣿⡆[0;48;2;44;84;132m⠀⠀⠀⠀⠀⠀⠀⠀⠀⠀⠀⠀⠀⠀⠀⠀⠀⠀⠀⠀⠀⠀⠀⠀⠀⠀⠀⠀⠀⠀⠀⠀⠀⠀⠀⠀⠀[0m
[0;48;2;45;86;134m⠀⠀⠀⠀⠀⠀⠀⠀⠀⠀⠀⠀⠀⠀⠀⠀⠀⠀⠀⠀⠀⠀⠀⠀⠀⠀⠀[0;38;2;139;90;43;48;2;45;86;134m⣿⣿⣿⣿⡇[0;48;2;45;86;134m⠀⠀⠀⠀⠀⠀⠀⠀⠀⠀⠀⠀⠀⠀⠀⠀⠀⠀⠀[0;38;2;139;90;43;48;2;45;86;134m⣽⣿⣿⣿⡅[0;48;2;45;86;134m⠀⠀⠀⠀⠀⠀⠀⠀⠀⠀⠀⠀⠀⠀⠀⠀⠀⠀⠀⠀⠀⠀[0;38;2;139;90;43;48;2;45;86;134m⣽⣿⣿⣿⡅[0;48;2;45;86;134m⠀⠀⠀⠀⠀⠀⠀⠀⠀⠀⠀⠀⠀⠀⠀⠀⠀⠀⠀⠀⠀⠀⠀⠀⠀⠀⠀⠀⠀⠀⠀⠀⠀⠀⠀⠀⠀[0m
[0;48;2;46;88;136m⠀⠀⠀⠀⠀⠀⠀⠀⠀⠀⠀⠀⠀⠀⠀⠀⠀⠀⠀⠀⠀⠀⠀⠀⠀⠀⠀[0;38;2;139;90;43;48;2;46;88;136m⣾⣿⣿⣿⡆[0;48;2;46;88;136m⠀⠀⠀⠀⠀⠀⠀⠀⠀⠀⠀⠀⠀⠀⠀⠀⠀⠀[0;38;2;139;90;43;48;2;46;88;136m⢀⣿⣿⣿⣿⠃[0;48;2;46;88;136m⠀⠀⠀⠀⠀⠀⠀⠀⠀⠀⠀⠀⠀⠀⠀⠀⠀⠀⠀⠀⠀⠀[0;38;2;139;90;43;48;2;46;88;136m⣻⣿⣿⣿⡃[0;48;2;46;88;136m⠀⠀⠀⠀⠀⠀⠀⠀⠀⠀⠀⠀⠀⠀⠀⠀⠀⠀⠀⠀⠀⠀⠀⠀⠀⠀⠀⠀⠀⠀⠀⠀⠀⠀⠀⠀⠀[0m
[0;48;2;47;90;138m⠀⠀⠀⠀⠀⠀⠀⠀⠀⠀⠀⠀⠀⠀⠀⠀⠀⠀⠀⠀⠀⠀⠀⠀⠀⠀⠀[0;38;2;139;90;43;48;2;47;90;138m⢘⣿⣿⣿⣟[0;48;2;47;90;138m⠀⠀⠀⠀⠀⠀⠀⠀⠀⠀⠀⠀⠀⠀⠀⠀⠀⠀[0;38;2;139;90;43;48;2;47;90;138m⢸⣿⣿⣿⡿[0;48;2;47;90;138m⠀⠀⠀⠀⠀⠀⠀⠀⠀⠀⠀⠀⠀⠀⠀⠀⠀⠀⠀⠀⠀⠀[0;38;2;139;90;43;48;2;47;90;138m⠠⣿⣿⣿⣿⠃[0;48;2;47;90;138m⠀⠀⠀⠀⠀⠀⠀⠀⠀⠀⠀⠀⠀⠀⠀⠀⠀⠀⠀⠀⠀⠀⠀⠀⠀⠀⠀⠀⠀⠀⠀⠀⠀⠀⠀⠀⠀[0m
[0;38;2;30;144;255;48;2;5;20;80m⣤[0;48;2;5;20;80m⠀⠀[0;38;2;30;144;255;48;2;5;20;80m⢀⢀⢤⢆⣅⣢⣤⣀[0;48;2;5;20;80m⠀⠀[0;38;2;30;144;255;48;2;5;20;80m⢠⡰⡚⣙⣔⢤⣀[0;48;2;5;20;80m⠀⠀[0;38;2;30;144;255;48;2;5;20;80m⢠⣐⣮⢯⢐⢼[0;38;2;139;90;43;48;2;5;20;80m⣿⣿⣿⣿[0;38;2;30;144;255;48;2;5;20;80m⢰⣨⣷⣒⣠[0;48;2;5;20;80m⠀⠀[0;38;2;30;144;255;48;2;5;20;80m⢀⣠⢴⣞⡽⣖⣤⣀[0;48;2;5;20;80m⠀⠀[0;38;2;30;144;255;48;2;5;20;80m⢠[0;38;2;139;90;43;48;2;5;20;80m⣾[0;38;2;30;144;255;48;2;5;20;80m⣿⣿[0;38;2;139;90;43;48;2;5;20;80m⣿[0;38;2;30;144;255;48;2;5;20;80m⣯⢀[0;48;2;5;20;80m⠀⠀[0;38;2;30;144;255;48;2;5;20;80m⣠⡠⢮⠽⣖⡤⢀[0;48;2;5;20;80m⠀[0;38;2;30;144;255;48;2;5;20;80m⢀⡀⣔⣼⡱⡶⢠⣀[0;48;2;5;20;80m⠀⠀[0;38;2;30;144;255;48;2;5;20;80m⢠⣼⣿⣿[0;38;2;139;90;43;48;2;5;20;80m⣿⣿[0;38;2;30;144;255;48;2;5;20;80m⡀[0;48;2;5;20;80m⠀[0;38;2;30;144;255;48;2;5;20;80m⢀⣠⡀⣮⠵⡒⣄⢀[0;48;2;5;20;80m⠀⠀[0;38;2;30;144;255;48;2;5;20;80m⢠⢀⣜⣧⣰⢤[0;48;2;5;20;80m⠀⠀[0;38;2;30;144;255;48;2;5;20;80m⢀⡠⡰⡮⣮⡖⡠⣀[0;48;2;5;20;80m⠀⠀[0;38;2;30;144;255;48;2;5;20;80m⡠⣄⡦⠩⣦⠄⣀[0;48;2;5;20;80m⠀[0m
[0;38;2;30;144;255;48;2;5;22;83m⣄⣻⣏⣷⣶⣵⣿⣿⣾⣳⣌⢮⣰⣮⣿⣿⣿⣿⣱⣥⣽⣲⣽⣿⣿⣿⣿⣿⣿⣿⣿⣷⣾⣿⣿⣿⣻⡿⣽⣱⣽⣾⣿⣿⣿⣔⢏⢾⣾⣯⣿⣿⣿⣿⣧⠣⣸⣺⣿⣽⣾⣿⣾⣧⢈⣿⣿⣿⣾⣿⣿⣿⣈⣾⢼⣻⣧⣵⣿⣿⣿⣿⡱⢯⣵⣵⣼⣿⣿⣿⣵⣋⣫⣧⣿⣾⣿⣿⣾⣍⡹⣉⣲⣿⣽⣿⣿⣷⣜⢭⣾⣾⣮⣿⣿⣿⣷⣩⣹⣵[0m
[0;38;2;30;144;255;48;2;5;24;86m⣿⣿⣿⣿⣿⣿⣿⣿⣿⣿⣿⣿⣿⣿⣿⣿⣿⣿⣿⣿⣿⣿⣿⣿⣿⣿⣿⣿⣿⣿⣿⣿⣿⣿⣿⣿⣿⣿⣿⣿⣿⣿⣿⣿⣿⣿⣿⣿⣿⣿⣿⣿⣿⣿⣿⣿⣿⣿⣿⣿⣿⣿⣿⣿⣿⣿⣿⣿⣿⣿⣿⣿⣿⣿⣿⣿⣿⣿⣿⣿⣿⣿⣿⣿⣿⣿⣿⣿⣿⣿⣿⣿⣿⣿⣿⣿⣿⣿⣿⣿⣿⣿⣿⣿⣿⣿⣿⣿⣿⣿⣿⣿⣿⣿⣿⣿⣿⣿⣿⣿[0m
[0;38;2;30;144;255;48;2;5;26;89m⣿⣿⣿⣿⣿⣿⣿⣿⣿⣿⣿⣿⣿⣿⣿⣿⣿⣿⣿⣿⣿⣿⣿⣿⣿⣿⣿⣿⣿⣿⣿⣿⣿⣿⣿⣿⣿⣿⣿⣿⣿⣿⣿⣿⣿⣿⣿⣿⣿⣿⣿⣿⣿⣿⣿⣿⣿⣿⣿⣿⣿⣿⣿⣿⣿⣿⣿⣿⣿⣿⣿⣿⣿⣿⣿⣿⣿⣿⣿⣿⣿⣿⣿⣿⣿⣿⣿⣿⣿⣿⣿⣿⣿⣿⣿⣿⣿⣿⣿⣿⣿⣿⣿⣿⣿⣿⣿⣿⣿⣿⣿⣿⣿⣿⣿⣿⣿⣿⣿⣿[0m
[0;38;2;30;144;255;48;2;5;28;92m⣿⣿⣿⣿⣿⣿⣿⣿⣿⣿⣿⣿⣿⣿⣿⣿⣿⣿⣿⣿⣿⣿⣿⣿⣿⣿⣿⣿⣿⣿⣿⣿⣿⣿⣿⣿⣿⣿⣿⣿⣿⣿⣿⣿⣿⣿⣿⣿⣿⣿⣿⣿⣿⣿⣿⣿⣿⣿⣿⣿⣿⣿⣿⣿⣿⣿⣿⣿⣿⣿⣿⣿⣿⣿⣿⣿⣿⣿⣿⣿⣿⣿⣿⣿⣿⣿⣿⣿⣿⣿⣿⣿⣿⣿⣿⣿⣿⣿⣿⣿⣿⣿⣿⣿⣿⣿⣿⣿⣿⣿⣿⣿⣿⣿⣿⣿⣿⣿⣿⣿[0m
[0;38;2;30;144;255;48;2;5;30;95m⣿⣿⣿⣿⣿⣿⣿⣿⣿⣿⣿⣿⣿⣿⣿⣿⣿⣿⣿⣿⣿⣿⣿⣿⣿⣿⣿⣿⣿⣿⣿⣿⣿⣿⣿⣿⣿⣿⣿⣿⣿⣿⣿⣿⣿⣿⣿⣿⣿⣿⣿⣿⣿⣿⣿⣿⣿⣿⣿⣿⣿⣿⣿⣿⣿⣿⣿⣿⣿⣿⣿⣿⣿⣿⣿⣿⣿⣿⣿⣿⣿⣿⣿⣿⣿⣿⣿⣿⣿⣿⣿⣿⣿⣿⣿⣿⣿⣿⣿⣿⣿⣿⣿⣿⣿⣿⣿⣿⣿⣿⣿⣿⣿⣿⣿⣿⣿⣿⣿⣿[0m
[0;38;2;30;144;255;48;2;5;32;98m⣿⣿⣿⣿⣿⣿⣿⣿⣿⣿⣿⣿⣿⣿⣿⣿⣿⣿⣿⣿⣿⣿⣿⣿⣿⣿⣿⣿⣿⣿⣿⣿⣿⣿⣿⣿⣿⣿⣿⣿⣿⣿⣿⣿⣿⣿⣿⣿⣿⣿⣿⣿⣿⣿⣿⣿⣿⣿⣿⣿⣿⣿⣿⣿⣿⣿⣿⣿⣿⣿⣿⣿⣿⣿⣿⣿⣿⣿⣿⣿⣿⣿⣿⣿⣿⣿⣿⣿⣿⣿⣿⣿⣿⣿⣿⣿⣿⣿⣿⣿⣿⣿⣿⣿⣿⣿⣿⣿⣿⣿⣿⣿⣿⣿⣿⣿⣿⣿⣿⣿[0m
[0;38;2;30;144;255;48;2;5;34;101m⣿⣿⣿⣿⣿⣿⣿⣿⣿⣿⣿⣿⣿⣿⣿⣿⣿⣿⣿⣿⣿⣿⣿⣿⣿⣿⣿⣿⣿⣿⣿⣿⣿⣿⣿⣿⣿⣿⣿⣿⣿⣿⣿⣿⣿⣿⣿⣿⣿⣿⣿⣿⣿⣿⣿⣿⣿⣿⣿⣿⣿⣿⣿⣿⣿⣿⣿⣿⣿⣿⣿⣿⣿⣿⣿⣿⣿⣿⣿⣿⣿⣿⣿⣿⣿⣿⣿⣿⣿⣿⣿⣿⣿⣿⣿⣿⣿⣿⣿⣿⣿⣿⣿⣿⣿⣿⣿⣿⣿⣿⣿⣿⣿⣿⣿⣿⣿⣿⣿⣿[0m
[0;38;2;30;144;255;48;2;5;36;104m⣿⣿⣿⣿⣿⣿⣿⣿⣿⣿⣿⣿⣿⣿⣿⣿⣿⣿⣿⣿⣿⣿⣿⣿⣿⣿⣿⣿⣿⣿⣿⣿⣿⣿⣿⣿⣿⣿⣿⣿⣿⣿⣿⣿⣿⣿⣿⣿⣿⣿⣿⣿⣿⣿⣿⣿⣿⣿⣿⣿⣿⣿⣿⣿⣿⣿⣿⣿⣿⣿⣿⣿⣿⣿⣿⣿⣿⣿⣿⣿⣿⣿⣿⣿⣿⣿⣿⣿⣿⣿⣿⣿⣿⣿⣿⣿⣿⣿⣿⣿⣿⣿⣿⣿⣿⣿⣿⣿⣿⣿⣿⣿⣿⣿⣿⣿⣿⣿⣿⣿[0m
[0;38;2;30;144;255;48;2;5;38;107m⣿⣿⣿⣿⣿⣿⣿⣿⣿⣿⣿⣿⣿⣿⣿⣿⣿⣿⣿⣿⣿⣿⣿⣿⣿⣿⣿⣿⣿⣿⣿⣿⣿⣿⣿⣿⣿⣿⣿⣿⣿⣿⣿⣿⣿⣿⣿⣿⣿⣿⣿⣿⣿⣿⣿⣿⣿⣿⣿⣿⣿⣿⣿⣿⣿⣿⣿⣿⣿⣿⣿⣿⣿⣿⣿⣿⣿⣿⣿⣿⣿⣿⣿⣿⣿⣿⣿⣿⣿⣿⣿⣿⣿⣿⣿⣿⣿⣿⣿⣿⣿⣿⣿⣿⣿⣿⣿⣿⣿⣿⣿⣿⣿⣿⣿⣿⣿⣿⣿⣿[0m
[0;38;2;238;214;175;48;2;80;60;30m⣿⣿⣿⣿⣿⣿⣿⣿⣿⣿⣿⣿⣿⣿⣿⣿⣿⣿⣿⣿⣿⣿⣿⣿⣿⣿⣿⣿⣿⣿⣿⣿⣿⣿⣿⣿⣿⣿[0;38;2;30;144;255;48;2;80;60;30m⣿[0;38;2;238;214;175;48;2;80;60;30m⣿⣿⣿⣿⣿⣿⣿⣿⣿⣿⣿⣿⣿⣿⣿[0;38;2;30;144;255;48;2;80;60;30m⣿⣿[0;38;2;238;214;175;48;2;80;60;30m⣿⣿⣿⣿[0;38;2;30;144;255;48;2;80;60;30m⣿[0;38;2;238;214;175;48;2;80;60;30m⣿⣿⣿[0;38;2;30;144;255;48;2;80;60;30m⣿[0;38;2;238;214;175;48;2;80;60;30m⣿⣿⣿⣿⣿⣿⣿⣿⣿⣿⣿⣿⣿⣿⣿⣿⣿⣿⣿⣿⣿⣿⣿⣿⣿⣿⣿⣿⣿⣿⣿⣿⣿⣿⣿[0;38;2;30;144;255;48;2;80;60;30m⣿[0;38;2;238;214;175;48;2;80;60;30m⣿⣿⣿⣿⣿⣿⣿⣿⣿⣿⣿⣿⣿⣿⣿[0;38;2;30;144;255;48;2;80;60;30m⣿[0;38;2;238;214;175;48;2;80;60;30m⣿⣿⣿[0m
[0;38;2;238;214;175;48;2;83;62;30m⠛⢿⣟⢽⠿⣿⣛⣻⡹⣽⣿⣫⠿⣫⣿⢯⡏⢿⣯⣿⣿⣯⡿⢝⣽⣿⣽⣽⡹⡟⢽⣯⣻⡿⣟⢻⣹⡿⣟⣛⢿⣿⣯⡯⣻⣽⣿⣿⣿⣿⢻⡛⣯⣿⣿⣙⡽⣯⣿⣝⡿⣽⢽⣫⢯⣯⡯⣿⢯⡿⡯⣿⣿⣟⣿⣿⣿⣿⣿⢛⡯⣿⣟⡻⣟⢽⣽⢽⡟⣽⣻⣭⠽⣯⣿⡫⣿⣿⣿⢯⠿⣽⣹⣿⣻⢿⢿⠿⣿⣿⣟⣛⣿⣿⠿⣿⢝⣿⢏⣿[0m
[0;38;2;238;214;175;48;2;86;64;30m⣽⣟⣷⣯⡷⣲⡽⣯⣷⣿⣿⣼⡿⣯⢻⣯⡕⣻⡟⣽⢦⣿⣿⣷⣿⡞⣙⣯⣟⣦⣷⣿⣎⡻⢝⡽⣿⢛⢻⢭⣟⣭⣼⣫⡿⣽⣿⣿⣿⣿⣽⣿⡷⣭⢾⢻⣿⣧⣯⠾⠟⣿⣗⣾⣿⡿⣵⣫⣾⡿⢕⣟⣽⣿⣿⣿⣿⣿⣿⣇⡼⢓⢽⣿⣺⡼⣿⡿⣿⢷⢯⣿⢶⣿⡯⣯⣻⢽⣻⣅⢳⣻⡞⡽⣭⣿⣾⣫⣷⣾⠏⣯⣇⢸⣿⣷⡟⣾⡳⣯[0m
[0;38;2;238;214;175;48;2;89;66;30m⢞⣗⡯⣷⣿⣵⡏⣮⣿⣷⣯⢏⣿⡿⣿⠞⣼⢿⣏⣿⣿⣿⠿⣯⣯⣾⣻⢫⣽⣿⡟⣙⢾⡿⣿⣭⢽⢾⣿⣴⡿⡾⡿⢭⢝⣙⡿⢿⡿⣽⣷⣟⣷⣯⣿⣾⣿⣷⢯⣿⢿⣿⣻⣯⢟⣽⣿⢞⢽⡿⡿⣻⠿⣿⣿⣿⣿⣿⣹⣷⢷⣾⡾⣝⣟⣿⣕⢵⣿⡿⣟⡾⣗⢿⡿⣷⢶⢏⢮⣟⣯⣵⣿⣋⢶⣏⣩⣯⣯⡿⣥⢿⣿⣯⣾⣽⣯⢽⣷⢕[0m
[0;38;2;238;214;175;48;2;92;68;30m⡺⣿⣥⢷⠻⢜⡿⣿⡻⣝⠿⢾⣟⢾⣭⢥⣦⣿⢛⡟⣿⢯⣲⡷⢲⣽⡖⡿⣯⢳⢯⢶⣓⣻⠼⣿⡿⣟⡿⣿⢿⣟⣿⣾⢿⣽⣿⠟⡾⣯⠝⣏⣞⣿⢵⡯⣿⣷⣜⣯⢧⡷⣽⠉⣵⣷⣷⡳⢿⣊⢯⠾⡻⢿⣿⣿⣿⢿⢿⢷⡿⡯⣿⣿⢾⣻⣾⣽⣿⢿⠻⣶⣯⣯⢾⣻⣿⣟⣞⣿⣯⢿⣿⣞⢿⣽⠿⣻⣥⣿⣻⣾⣧⣷⡿⣻⣿⢶⣿⣷[0m
[0;38;2;238;214;175;48;2;95;70;30m⣟⣿⣟⡛⡿⡽⣷⣷⡽⣿⣗⡺⣆⣽⣭⣻⣯⣽⢫⣛⣽⢯⣽⣺⣏⣽⣺⣽⣿⣻⣿⣾⢛⣹⣯⢧⠟⣿⣱⣽⣽⡮⣫⣖⣿⣵⣹⣿⣟⣼⡗⣾⣿⢱⣽⣱⣹⣿⢾⠿⢿⣧⡳⣿⣽⣻⣼⣮⣕⣷⡗⣽⣿⣿⣿⣿⣿⣗⣟⡺⡷⢱⣿⢮⡿⣵⣞⣿⣿⡏⣶⣋⣾⠫⡱⣷⣼⣯⡢⣿⣿⣯⢟⣿⡷⢿⣟⣽⣿⣾⢟⡌⣯⣷⣻⣾⣷⣟⣿⣽[0m
[0;38;2;238;214;175;48;2;98;72;30m⠿⡿⢖⢿⠮⡾⣻⣷⣏⣽⣿⣼⣵⠿⡍⠾⡧⣫⣷⣯⡽⣿⡫⣭⣟⡾⣵⣳⣷⢿⠧⡟⣿⣽⣶⣽⣻⣏⣾⢿⣟⢿⣽⢻⣿⣯⣿⢿⣵⢯⡳⡷⣲⣯⢯⣯⢍⣾⡝⣛⣿⣯⢽⢷⣏⣻⣾⢿⣺⣿⢿⣯⢫⣿⣽⡟⢞⣞⣮⡿⣻⣿⢸⣺⣮⡣⣽⣯⣽⡛⣟⣽⡿⡶⣱⢿⣾⡟⣶⣷⢮⣿⡿⣟⣷⣷⣿⢳⢞⣻⣲⠿⣍⡿⣽⢾⢏⣾⣾⣿[0m
[0;38;2;238;214;175;48;2;101;74;30m⣟⣼⠛⣯⣗⢷⣯⣗⣛⣫⣿⢿⢻⣅⡿⡟⣷⠯⣽⢷⡾⣵⡳⢻⡶⣻⣼⢗⣻⣿⣕⣝⣿⣧⣥⢿⣯⣽⣬⣯⢾⢋⣛⣳⢺⢟⠻⣻⢿⡿⢉⣺⢼⣵⣿⣻⣾⣿⠿⡟⣦⡷⣶⣿⢟⣟⢚⣧⣿⢟⣭⣿⣾⡿⠽⡜⣿⡻⢿⣿⣷⡧⣟⢽⢽⣪⣿⣏⣽⡫⣿⢾⣟⡮⠞⡶⣳⣷⣿[0;38;2;14;230;230m┬[0;38;2;238;214;175;48;2;101;74;30m⣧[0;38;2;14;230;230m┬[0;38;2;238;214;175;48;2;101;74;30m⡷[0;38;2;14;230;230m┌─┐[0;38;2;238;214;175;48;2;101;74;30m⣼[0;38;2;14;230;230m┌─┬[0;38;2;238;214;175;48;2;101;74;30m⣤[0;38;2;14;230;230m┬[0;38;2;238;214;175;48;2;101;74;30m⢏[0;38;2;14;230;230m┌┬┐[0;38;2;238;214;175;48;2;101;74;30m⣿⣺⣦⣻[0m
[0;38;2;238;214;175;48;2;104;76;30m⣯⣿⢾⣿⣝⡾⢷⣿⣯⣷⣽⣶⡬⣟⣯⣝⣣⣪⣿⢿⡳⣯⢿⣟⠻⣿⣽⣿⣯⣟⢯⣸⣿⣧⣿⢿⣿⣿⣯⣟⣪⣭⣿⢟⡽⣛⠿⣶⣯⣿⣉⣶⡧⣟⣽⠿⣟⢻⣯⠿⣿⣿⡿⣾⡛⡿⣧⣯⣿⢽⣗⣿⡽⢍⡟⣯⢗⣏⠷⣿⠟⣿⢿⡿⣻⣾⣵⡝⡽⡻⡟⣝⡾⣿⣲⢧⡧⢿⣯[0;38;2;14;230;230m│[0;38;2;238;214;175;48;2;104;76;30m⣭[0;38;2;14;230;230m│[0;38;2;238;214;175;48;2;104;76;30m⣿[0;38;2;14;230;230m├┤[0;38;2;238;214;175;48;2;104;76;30m⡷⣿[0;38;2;14;230;230m│[0;38;2;238;214;175;48;2;104;76;30m⡋[0;38;2;14;230;230m│[0;38;2;238;214;175;48;2;104;76;30m⣭[0;38;2;14;230;230m│[0;38;2;238;214;175;48;2;104;76;30m⢊⣱[0;38;2;14;230;230m│[0;38;2;238;214;175;48;2;104;76;30m⣿⣭⢻⢿⡯[0m
[0;38;2;238;214;175;48;2;107;78;30m⣻⣗⡻⡼⡽⡿⣷⣻⠿⣮⣷⡹⣻⡾⢯⡻⣻⢾⠟⣯⣝⣿⡩⣷⣾⡯⣿⢯⡻⡩⢿⡿⣞⣵⣿⡿⣷⣽⢞⡟⣟⡾⣻⣹⣿⢾⠻⣿⢺⣭⣏⣿⣮⣿⣿⢷⡧⣻⢻⣮⣨⠿⣽⣯⣯⣿⣟⡙⣛⣳⠷⢛⣮⢻⣪⣿⣻⣿⣧⠽⣽⡿⡗⣳⣽⣿⣾⢛⣻⣿⣻⣾⣾⢺⢿⣷⣿⢙⣷[0;38;2;14;230;230m│[0;38;2;238;214;175;48;2;107;78;30m⣿[0;38;2;14;230;230m│[0;38;2;238;214;175;48;2;107;78;30m⣷[0;38;2;14;230;230m│[0;38;2;238;214;175;48;2;107;78;30m⡽⣻⠿[0;38;2;14;230;230m│[0;38;2;238;214;175;48;2;107;78;30m⣬[0;38;2;14;230;230m│[0;38;2;238;214;175;48;2;107;78;30m⡩[0;38;2;14;230;230m│[0;38;2;238;214;175;48;2;107;78;30m⣿⣬[0;38;2;14;230;230m│[0;38;2;238;214;175;48;2;107;78;30m⣖⢷⢾⣬⣿[0m
[0;38;2;238;214;175;48;2;110;80;30m⣽⣿⣹⡞⣟⡽⣷⠾⣷⣷⡽⣿⣷⣻⣯⡷⣷⣯⣾⡝⣿⣿⣵⣿⡿⣳⢳⣟⣿⣽⢿⣻⢿⢹⣷⢰⣷⢿⡻⣡⡿⣚⣿⢺⣻⡏⣆⣧⣾⣿⣽⡞⢻⣻⣳⡭⣻⣯⡷⢷⡯⢻⣶⣻⡿⣿⣾⣟⡿⢟⠾⢿⡍⡯⣦⠾⡷⢾⣿⢯⣿⡃⣻⡷⣋⡎⢯⣽⡟⣿⣮⣿⣛⣿⣝⣿⡷⣾⣟⣺[0;38;2;14;230;230m└┘[0;38;2;238;214;175;48;2;110;80;30m⣪[0;38;2;14;230;230m└─┘[0;38;2;238;214;175;48;2;110;80;30m⠻[0;38;2;14;230;230m└─┘[0;38;2;238;214;175;48;2;110;80;30m⣧[0;38;2;14;230;230m┴[0;38;2;238;214;175;48;2;110;80;30m⣾⣞[0;38;2;14;230;230m┴[0;38;2;238;214;175;48;2;110;80;30m⠝⣽⢳⣿⣽[0m
[0;38;2;238;214;175;48;2;113;82;30m⡛⣿⣿⢗⣷⣾⢺⣟⣧⡗⡾⣾⡳⢿⣩⣿⣳⣙⡝⣿⡿⢟⡿⢿⣿⣟⣴⡾⣽⡿⣿⣽⣿⣿⠹⣻⢿⣮⡖⢲⡾⣵⣽⢿⡿⣾⣿⠺⣽⢧⣿⣿⡿⣹⣟⣯⣿⣾⢿⡿⠺⣛⣷⣳⣟⠿⡏⣷⣿⢝⢚⡿⢫⣞⣼⣾⢷⡻⣻⣟⣳⡧⢶⣖⢿⡯⢙⠭⣮⣞⣯⣿⢯⢿⣽⡻⣮⢷⣞⡫⡾⡷⢾⣽⣦⢿⣮⠯⣚⣯⣿⣳⣿⠩⡷⣟⣿⡯⣺⣿[0m
[0;38;2;238;214;175;48;2;116;84;30m⠛⠓⠓⠛⠒⠚⠙⠋⠋⠛⠛⠛⠚⠛⠋⠋⠛⠋⠉⠚⠛⠚⠙⠙⠙⠋⠃⠛⠚⠒⠃⠛⠈⠉⠙⠛⠚⠚⠛⠛⠙⠛⠙⠚⠛⠛⠙⠘⠓⠓⠃⠉⠙⠘⠚⠛⠓⠙⠓⠛⠛⠚⠂⠙⠙⠛⠛⠋⠚⠛⠛⠋⠊⠓⠚⠋⠓⠛⠚⠛⠙⠋⠛⠙⠙⠛⠓⠛⠋⠋⠛⠛⠛⠒⠚⠓⠛⠋⠋⠚⠛⠒⠊⠙⠓⠛⠛⠑⠋⠓⠛⠛⠙⠓⠛⠛⠛⠂⠛⠚[0m
[0;48;2;119;86;30m⠀⠀⠀⠀⠀⠀⠀⠀⠀⠀⠀⠀⠀⠀⠀⠀⠀⠀⠀⠀⠀⠀⠀⠀⠀⠀⠀⠀⠀⠀⠀⠀⠀⠀⠀⠀⠀⠀⠀⠀⠀⠀⠀⠀⠀⠀⠀⠀⠀⠀⠀⠀⠀⠀⠀⠀⠀⠀⠀⠀⠀⠀⠀⠀⠀⠀⠀⠀⠀⠀⠀⠀⠀⠀⠀⠀⠀⠀⠀⠀⠀⠀⠀⠀⠀⠀⠀⠀⠀⠀⠀⠀⠀⠀⠀⠀⠀⠀⠀⠀⠀⠀⠀⠀⠀⠀⠀⠀⠀⠀⠀⠀⠀⠀⠀⠀⠀⠀⠀⠀[0m
[0;48;2;122;88;30m⠀⠀⠀⠀⠀⠀⠀⠀⠀⠀⠀⠀⠀⠀⠀⠀⠀⠀⠀⠀⠀⠀⠀⠀⠀⠀⠀⠀⠀⠀⠀⠀⠀⠀⠀⠀⠀⠀⠀⠀⠀⠀⠀⠀⠀⠀⠀⠀⠀⠀⠀⠀⠀⠀⠀⠀⠀⠀⠀⠀⠀⠀⠀⠀⠀⠀⠀⠀⠀⠀⠀⠀⠀⠀⠀⠀⠀⠀⠀⠀⠀⠀⠀⠀⠀⠀⠀⠀⠀⠀⠀⠀⠀⠀⠀⠀⠀⠀⠀⠀⠀⠀⠀⠀⠀⠀⠀⠀⠀⠀⠀⠀⠀⠀⠀⠀⠀⠀⠀⠀[0m
