[0;48;5;17m                                                                                [0m
[0;48;5;17m                         [0;2;38;5;252;48;5;17m░░▒▒░░░░▒▒░░[0;48;5;17m                                           [0m
[0;48;5;17m                     [0;2;38;5;252;48;5;17m░▒░▒░░▒░░▒░▒▒░[0;48;5;17m    [0;2;38;5;252;48;5;17m░░▒░▒▒▒░░░░[0;48;5;17m                              [0m
[0;48;5;18m                                                                                [0m
[0;48;5;18m    [0;2;38;5;252;48;5;18m░▒░░░▒░░▒[0;48;5;18m                                                                   [0m
[0;48;5;18m     [0;2;38;5;252;48;5;18m▒░░▒░░▒░░[0;48;5;18m                                                                  [0m
[0;48;5;19m                                                  [0;2;38;5;252;48;5;19m░░░░░░▒░▒░▒[0;48;5;19m  [0;2;38;5;252;48;5;19m░░░░░░▒[0;48;5;19m          [0m
[0;48;5;19m                                                                                [0m
[0;48;5;19m                                                                                [0m
[0;48;5;20m                                                       [0;38;5;248;48;5;238m△[0;48;5;20m                        [0m
[0;48;5;20m                                                       [0;38;5;248;48;5;238m╲[0;48;5;20m                        [0m
[0;48;5;20m                                                      [0;38;5;248;48;5;238m╱[0;48;5;238m [0;38;5;248;48;5;238m╲[0;48;5;20m                       [0m
[0;48;5;21m                                [0;38;5;248;48;5;238m△[0;48;5;21m                    [0;38;5;248;48;5;238m╱[0;48;5;238m   [0;38;5;248;48;5;238m╲[0;48;5;21m                      [0m
[0;48;5;21m                                [0;38;5;248;48;5;238m╲[0;48;5;21m                   [0;38;5;248;48;5;238m╱[0;48;5;238m     [0;38;5;248;48;5;238m╲[0;48;5;21m                     [0m
[0;48;5;21m                               [0;38;5;248;48;5;238m╱[0;48;5;238m [0;38;5;248;48;5;238m╲[0;48;5;21m                  [0;38;5;248;48;5;238m╱[0;48;5;238m     [0;38;5;248;48;5;238m╲[0;48;5;21m                     [0m
[0;48;5;22m            [0;38;5;248;48;5;238m△[0;48;5;22m                 [0;38;5;248;48;5;238m╱[0;48;5;238m   [0;38;5;248;48;5;238m╲[0;48;5;22m             [0;38;5;244;48;5;236m△[0;48;5;22m  [0;38;5;248;48;5;238m╱[0;48;5;238m       [0;38;5;248;48;5;238m╲[0;48;5;22m                    [0m
[0;48;5;22m            [0;38;5;248;48;5;238m╲[0;48;5;22m                [0;38;5;248;48;5;238m╱[0;48;5;238m     [0;38;5;248;48;5;238m╲[0;48;5;22m            [0;38;5;244;48;5;236m╲[0;48;5;22m [0;38;5;248;48;5;238m╱[0;48;5;238m         [0;38;5;248;48;5;238m╲[0;48;5;22m                   [0m
[0;48;5;22m           [0;38;5;248;48;5;238m╱[0;48;5;238m [0;38;5;248;48;5;238m╲[0;48;5;22m           [0;38;5;244;48;5;236m△[0;48;5;22m  [0;38;5;248;48;5;238m╱[0;48;5;238m       [0;38;5;248;48;5;238m╲[0;48;5;22m          [0;38;5;244;48;5;236m╱[0;48;5;236m [0;38;5;244;48;5;236m╲[0;48;5;238m           [0;38;5;248;48;5;238m╲[0;48;5;22m          [0;38;5;248;48;5;238m△[0;48;5;22m       [0m
[0;48;5;23m          [0;38;5;248;48;5;238m╱[0;48;5;238m   [0;38;5;248;48;5;238m╲[0;48;5;23m          [0;38;5;244;48;5;236m╲[0;48;5;23m  [0;38;5;248;48;5;238m╱[0;48;5;238m       [0;38;5;248;48;5;238m╲[0;48;5;23m         [0;38;5;244;48;5;236m╱[0;48;5;236m   [0;38;5;244;48;5;236m╲[0;48;5;238m           [0;38;5;248;48;5;238m╲[0;48;5;23m     [0;38;5;244;48;5;236m△[0;48;5;23m   [0;38;5;248;48;5;238m╲[0;48;5;23m       [0m
[0;48;5;23m     [0;38;5;244;48;5;236m△[0;48;5;23m   [0;38;5;248;48;5;238m╱[0;48;5;238m     [0;38;5;248;48;5;238m╲[0;48;5;23m        [0;38;5;244;48;5;236m╱[0;48;5;236m [0;38;5;244;48;5;236m╲[0;38;5;248;48;5;238m╱[0;48;5;238m         [0;38;5;248;48;5;238m╲[0;48;5;23m       [0;38;5;244;48;5;236m╱[0;48;5;236m     [0;38;5;244;48;5;236m╲[0;48;5;238m          [0;38;5;248;48;5;238m╲[0;48;5;23m     [0;38;5;244;48;5;236m╲[0;48;5;23m  [0;38;5;248;48;5;238m╱[0;48;5;238m [0;38;5;248;48;5;238m╲[0;48;5;23m      [0m
[0;48;5;23m     [0;38;5;244;48;5;236m╲[0;48;5;23m  [0;38;5;248;48;5;238m╱[0;48;5;238m       [0;38;5;248;48;5;238m╲[0;48;5;23m      [0;38;5;244;48;5;236m╱[0;48;5;236m   [0;38;5;244;48;5;236m╲[0;48;5;238m          [0;38;5;248;48;5;238m╲[0;48;5;23m     [0;38;5;244;48;5;236m╱[0;48;5;236m       [0;38;5;244;48;5;236m╲[0;48;5;238m          [0;38;5;248;48;5;238m╲[0;48;5;23m   [0;38;5;244;48;5;236m╱[0;48;5;236m [0;38;5;244;48;5;236m╲[0;38;5;248;48;5;238m╱[0;48;5;238m   [0;38;5;248;48;5;238m╲[0;48;5;23m     [0m
[0;48;5;24m    [0;38;5;244;48;5;236m╱[0;48;5;236m [0;38;5;244;48;5;236m╲[0;38;5;248;48;5;238m╱[0;48;5;238m         [0;38;5;248;48;5;238m╲[0;48;5;24m    [0;38;5;244;48;5;236m╱[0;48;5;236m     [0;38;5;244;48;5;236m╲[0;48;5;238m          [0;38;5;248;48;5;238m╲[0;38;5;34;48;5;22m△[0;48;5;24m  [0;38;5;244;48;5;236m╱[0;48;5;236m         [0;38;5;244;48;5;236m╲[0;48;5;238m          [0;38;5;248;48;5;238m╲[0;48;5;24m [0;38;5;244;48;5;236m╱[0;48;5;236m   [0;38;5;244;48;5;236m╲[0;48;5;238m    [0;38;5;248;48;5;238m╲[0;48;5;24m    [0m
[0;48;5;24m   [0;38;5;244;48;5;236m╱[0;48;5;236m   [0;38;5;244;48;5;236m╲[0;48;5;238m         [0;38;5;248;48;5;238m╲[0;48;5;24m   [0;38;5;244;48;5;236m╱[0;48;5;236m       [0;38;5;244;48;5;236m╲[0;48;5;238m         [0;38;5;34;48;5;22m╱[0;48;5;22m [0;38;5;34;48;5;22m╲[0;48;5;24m [0;38;5;244;48;5;236m╱[0;48;5;236m         [0;38;5;244;48;5;236m╲[0;48;5;238m           [0;38;5;244;48;5;236m╱[0;48;5;236m     [0;38;5;244;48;5;236m╲[0;48;5;238m    [0;38;5;248;48;5;238m╲[0;48;5;24m   [0m
[0;48;5;24m  [0;38;5;244;48;5;236m╱[0;48;5;236m     [0;38;5;244;48;5;236m╲[0;48;5;238m      [0;38;5;34;48;5;22m△[0;48;5;238m  [0;38;5;248;48;5;238m╲[0;48;5;24m [0;38;5;244;48;5;236m╱[0;48;5;236m         [0;38;5;244;48;5;236m╲[0;48;5;238m       [0;38;5;34;48;5;22m╱[0;48;5;22m   [0;38;5;34;48;5;22m╲[0;48;5;236m           [0;38;5;244;48;5;236m╲[0;48;5;238m         [0;38;5;244;48;5;236m╱[0;48;5;236m       [0;38;5;244;48;5;236m╲[0;48;5;238m   [0;38;5;248;48;5;238m╲[0;48;5;24m   [0m
[0;48;5;24m [0;38;5;244;48;5;236m╱[0;48;5;236m       [0;38;5;244;48;5;236m╲[0;48;5;238m    [0;38;5;34;48;5;22m╱[0;48;5;22m [0;38;5;34;48;5;22m╲[0;48;5;238m  [0;38;5;244;48;5;236m╱[0;48;5;236m           [0;38;5;244;48;5;236m╲[0;48;5;238m    [0;38;5;34;48;5;22m╱[0;48;5;22m       [0;38;5;34;48;5;22m╲[0;48;5;236m          [0;38;5;244;48;5;236m╲[0;48;5;238m      [0;38;5;34;48;5;22m△[0;38;5;244;48;5;236m╱[0;48;5;236m         [0;38;5;244;48;5;236m╲[0;48;5;238m   [0;38;5;248;48;5;238m╲[0;48;5;24m  [0m
[0;38;5;244;48;5;236m╱[0;48;5;236m         [0;38;5;244;48;5;236m╲[0;48;5;238m [0;38;5;34;48;5;22m╱[0;48;5;22m     [0;38;5;34;48;5;22m╲[0;48;5;236m             [0;38;5;244;48;5;236m╲[0;48;5;238m  [0;38;5;34;48;5;22m╱[0;48;5;22m         [0;38;5;34;48;5;22m╲[0;48;5;236m          [0;38;5;244;48;5;236m╲[0;48;5;238m    [0;38;5;34;48;5;22m╱[0;48;5;22m [0;38;5;34;48;5;22m╲[0;48;5;236m          [0;38;5;244;48;5;236m╲[0;48;5;238m   [0;38;5;248;48;5;238m╲[0;48;5;24m [0m
[0;38;5;28;48;5;22m▓[0;48;5;236m   [0;38;5;22;48;5;22m▒[0;48;5;236m [0;38;5;22;48;5;22m▓[0;48;5;236m   [0;38;5;28;48;5;22m█[0;38;5;34;48;5;22m╱[0;48;5;22m   [0;38;5;28;48;5;22m▓[0;48;5;22m   [0;38;5;22;48;5;22m█[0;48;5;236m [0;38;5;34;48;5;22m█[0;48;5;236m    [0;38;5;28;48;5;22m▒[0;38;5;34;48;5;22m▓[0;48;5;236m [0;38;5;28;48;5;22m▓[0;48;5;236m [0;38;5;28;48;5;22m▓[0;48;5;236m [0;38;5;34;48;5;22m╱[0;48;5;22m [0;38;5;22;48;5;22m▒[0;48;5;22m    [0;38;5;22;48;5;22m▓[0;48;5;22m [0;38;5;34;48;5;22m█[0;48;5;22m    [0;38;5;34;48;5;22m╲[0;48;5;236m     [0;38;5;28;48;5;22m█[0;38;5;22;48;5;22m▒[0;48;5;236m [0;38;5;34;48;5;22m▓[0;38;5;244;48;5;236m╲[0;48;5;238m [0;38;5;34;48;5;22m╱[0;48;5;22m  [0;38;5;34;48;5;22m▒[0;48;5;22m  [0;38;5;34;48;5;22m╲[0;48;5;236m  [0;38;5;28;48;5;22m▓[0;48;5;236m  [0;38;5;28;48;5;22m▒[0;38;5;34;48;5;22m▓[0;38;5;28;48;5;22m█[0;48;5;236m [0;38;5;244;48;5;236m╲[0;38;5;34;48;5;22m▒[0;38;5;22;48;5;22m▒[0;48;5;238m [0;38;5;22;48;5;22m▓[0m
[0;38;5;34;48;5;22m▒[0;38;5;22;48;5;22m█[0;38;5;28;48;5;22m▓[0;38;5;22;48;5;22m▓[0;38;5;28;48;5;22m▒[0;48;5;236m [0;38;5;22;48;5;22m█[0;38;5;28;48;5;22m▓[0;38;5;22;48;5;22m▒[0;38;5;34;48;5;22m╱[0;38;5;22;48;5;22m▒[0;38;5;34;48;5;22m█[0;48;5;22m [0;38;5;22;48;5;22m█[0;38;5;28;48;5;22m▓[0;38;5;22;48;5;22m█[0;48;5;22m  [0;38;5;22;48;5;22m█[0;38;5;34;48;5;22m▓[0;38;5;28;48;5;22m▓[0;38;5;22;48;5;22m▓[0;48;5;236m [0;38;5;22;48;5;22m█[0;48;5;236m [0;38;5;28;48;5;22m█[0;38;5;22;48;5;22m▓[0;38;5;34;48;5;22m▓[0;38;5;28;48;5;22m█[0;38;5;34;48;5;22m▒[0;48;5;236m [0;38;5;28;48;5;22m▓[0;38;5;22;48;5;22m▓█[0;38;5;28;48;5;22m▒██▓[0;48;5;22m  [0;38;5;22;48;5;22m▓[0;38;5;34;48;5;22m▓[0;38;5;28;48;5;22m▒[0;38;5;22;48;5;22m▓[0;48;5;22m [0;38;5;28;48;5;22m▓▓[0;48;5;22m [0;38;5;28;48;5;22m▒[0;38;5;22;48;5;22m█[0;48;5;236m [0;38;5;34;48;5;22m▓[0;38;5;22;48;5;22m▓[0;38;5;28;48;5;22m▒[0;38;5;34;48;5;22m▓[0;38;5;28;48;5;22m▓[0;38;5;22;48;5;22m▓▓[0;48;5;22m [0;38;5;22;48;5;22m█[0;48;5;22m  [0;38;5;34;48;5;22m▓[0;38;5;22;48;5;22m▓█[0;38;5;28;48;5;22m▒[0;38;5;34;48;5;22m▒[0;38;5;22;48;5;22m▓▓[0;48;5;236m [0;38;5;22;48;5;22m▓█[0;38;5;28;48;5;22m▒[0;38;5;22;48;5;22m▒▓[0;48;5;236m [0;38;5;28;48;5;22m▒[0;38;5;22;48;5;22m▓[0;38;5;34;48;5;22m▒[0;38;5;28;48;5;22m▓[0m
[0;38;5;22;48;5;22m▓[0;38;5;34;48;5;22m▒█[0;38;5;22;48;5;22m▓█▓[0;38;5;34;48;5;22m▓[0;38;5;28;48;5;22m▒▓[0;38;5;22;48;5;22m▓[0;38;5;28;48;5;22m▓█[0;38;5;34;48;5;22m█[0;38;5;28;48;5;22m▓[0;38;5;22;48;5;22m▓[0;38;5;34;48;5;22m█▓[0;38;5;22;48;5;22m█▒[0;38;5;28;48;5;22m█[0;38;5;34;48;5;22m▓[0;38;5;28;48;5;22m▓▓[0;38;5;22;48;5;22m▓[0;38;5;28;48;5;22m▒[0;38;5;22;48;5;22m▓[0;38;5;28;48;5;22m▓[0;38;5;22;48;5;22m▓[0;38;5;28;48;5;22m▓█▓▓[0;38;5;34;48;5;22m█▓[0;38;5;28;48;5;22m█[0;38;5;34;48;5;22m▒[0;38;5;28;48;5;22m█[0;38;5;34;48;5;22m▒█[0;38;5;22;48;5;22m██[0;38;5;28;48;5;22m▓[0;38;5;22;48;5;22m▓[0;38;5;28;48;5;22m▓[0;38;5;34;48;5;22m▓[0;38;5;22;48;5;22m▓[0;38;5;28;48;5;22m▒[0;38;5;22;48;5;22m▓▒[0;38;5;34;48;5;22m▒[0;38;5;28;48;5;22m▒█[0;38;5;22;48;5;22m▒[0;38;5;28;48;5;22m▒▓▓█▓▒▓[0;38;5;22;48;5;22m▓[0;38;5;34;48;5;22m▓[0;38;5;28;48;5;22m█[0;38;5;22;48;5;22m▓[0;38;5;34;48;5;22m▓[0;38;5;22;48;5;22m▓[0;38;5;34;48;5;22m█[0;38;5;28;48;5;22m▒[0;38;5;22;48;5;22m▓▓▓▓▒[0;38;5;28;48;5;22m▒[0;38;5;22;48;5;22m▓█▓▓▒[0;38;5;34;48;5;22m▓[0m
[0;38;5;130;48;5;22m▓[0;38;5;94;48;5;22m░[0;38;5;100;48;5;22m▒[0;38;5;130;48;5;22m░[0;38;5;58;48;5;22m▒[0;38;5;100;48;5;22m▒[0;38;5;94;48;5;22m▒[0;38;5;136;48;5;22m▓[0;38;5;58;48;5;22m▓[0;38;5;130;48;5;22m▒[0;38;5;136;48;5;22m▓[0;38;5;94;48;5;22m░[0;38;5;58;48;5;22m░[0;38;5;130;48;5;22m▒[0;38;5;94;48;5;22m▓[0;38;5;100;48;5;22m▒▓[0;38;5;58;48;5;22m▒[0;38;5;136;48;5;22m▓[0;38;5;94;48;5;22m▒[0;38;5;100;48;5;22m▒[0;38;5;94;48;5;22m▒[0;38;5;136;48;5;22m▓░[0;38;5;94;48;5;22m▒[0;38;5;130;48;5;22m░[0;38;5;94;48;5;22m▒[0;38;5;136;48;5;22m░░[0;38;5;100;48;5;22m▓[0;38;5;58;48;5;22m░[0;38;5;100;48;5;22m▓[0;38;5;130;48;5;22m▓[0;38;5;58;48;5;22m▓▒[0;38;5;94;48;5;22m▓[0;38;5;100;48;5;22m▒[0;38;5;130;48;5;22m░[0;38;5;136;48;5;22m░[0;38;5;130;48;5;22m░[0;38;5;58;48;5;22m░░░[0;38;5;130;48;5;22m▒[0;38;5;58;48;5;22m▓░[0;38;5;130;48;5;22m▓░[0;38;5;94;48;5;22m░[0;38;5;130;48;5;22m▒[0;38;5;58;48;5;22m▓[0;38;5;136;48;5;22m▓[0;38;5;100;48;5;22m▓░[0;38;5;136;48;5;22m▒[0;38;5;58;48;5;22m░[0;38;5;100;48;5;22m░[0;38;5;136;48;5;22m▓[0;38;5;94;48;5;22m░[0;38;5;100;48;5;22m▓[0;38;5;58;48;5;22m░[0;38;5;100;48;5;22m▓[0;38;5;130;48;5;22m░[0;38;5;94;48;5;22m▒[0;38;5;58;48;5;22m▒[0;38;5;100;48;5;22m▒[0;38;5;130;48;5;22m░▓[0;38;5;136;48;5;22m░[0;38;5;58;48;5;22m▓[0;38;5;100;48;5;22m░[0;38;5;130;48;5;22m▓[0;38;5;94;48;5;22m▓[0;38;5;130;48;5;22m▓[0;38;5;136;48;5;22m▒[0;38;5;100;48;5;22m▓[0;38;5;136;48;5;22m▒[0;38;5;100;48;5;22m▒[0;38;5;136;48;5;22m░[0;38;5;100;48;5;22m░[0m
[0;38;5;94;48;5;58m░[0;38;5;136;48;5;58m░[0;38;5;130;48;5;58m▓[0;38;5;100;48;5;58m▒[0;38;5;94;48;5;58m░[0;38;5;130;48;5;58m▒[0;38;5;136;48;5;58m▓[0;38;5;130;48;5;58m▓[0;38;5;94;48;5;58m▓[0;38;5;130;48;5;58m▓[0;38;5;58;48;5;58m▒[0;38;5;130;48;5;58m▓[0;38;5;58;48;5;58m▓[0;38;5;100;48;5;58m▓[0;38;5;94;48;5;58m▓[0;38;5;130;48;5;58m▒[0;38;5;136;48;5;58m▓[0;38;5;100;48;5;58m▓[0;38;5;130;48;5;58m░▓[0;38;5;100;48;5;58m░[0;38;5;136;48;5;58m▓[0;38;5;130;48;5;58m▓[0;38;5;58;48;5;58m▓[0;38;5;130;48;5;58m░░▒[0;38;5;94;48;5;58m▓[0;38;5;100;48;5;58m░[0;38;5;94;48;5;58m▒▒[0;38;5;100;48;5;58m░[0;38;5;58;48;5;58m▒░░░[0;38;5;136;48;5;58m░[0;38;5;130;48;5;58m░[0;38;5;94;48;5;58m▓[0;38;5;100;48;5;58m▒[0;38;5;136;48;5;58m▓[0;38;5;94;48;5;58m▓[0;38;5;130;48;5;58m▓▒▓[0;38;5;100;48;5;58m░[0;38;5;58;48;5;58m▓[0;38;5;100;48;5;58m░[0;38;5;94;48;5;58m▓[0;38;5;100;48;5;58m░[0;38;5;130;48;5;58m▒[0;38;5;136;48;5;58m░[0;38;5;100;48;5;58m▓[0;38;5;58;48;5;58m░[0;38;5;100;48;5;58m▒▒▓[0;38;5;130;48;5;58m▓[0;38;5;94;48;5;58m▓[0;38;5;136;48;5;58m░[0;38;5;130;48;5;58m▒[0;38;5;136;48;5;58m▓[0;38;5;130;48;5;58m▓░[0;38;5;100;48;5;58m▓[0;38;5;94;48;5;58m░░[0;38;5;130;48;5;58m▒░[0;38;5;100;48;5;58m░[0;38;5;130;48;5;58m▒[0;38;5;100;48;5;58m▓[0;38;5;58;48;5;58m▓[0;38;5;136;48;5;58m▓[0;38;5;58;48;5;58m░▓[0;38;5;100;48;5;58m▓[0;38;5;94;48;5;58m░[0;38;5;136;48;5;58m▓[0;38;5;58;48;5;58m▓[0m
[0;38;5;130;48;5;58m▒▒░▒[0;38;5;94;48;5;58m░[0;38;5;136;48;5;58m▓[0;38;5;58;48;5;58m░░[0;38;5;130;48;5;58m▒[0;38;5;94;48;5;58m▒[0;38;5;130;48;5;58m▓[0;38;5;136;48;5;58m▓[0;38;5;100;48;5;58m▒[0;38;5;130;48;5;58m░[0;38;5;136;48;5;58m▒[0;38;5;130;48;5;58m▒[0;38;5;136;48;5;58m▒[0;38;5;100;48;5;58m▓▓[0;38;5;94;48;5;58m▒[0;38;5;58;48;5;58m▓▒[0;38;5;94;48;5;58m▒[0;38;5;100;48;5;58m▓[0;38;5;136;48;5;58m▒[0;38;5;94;48;5;58m▒[0;38;5;130;48;5;58m░[0;38;5;58;48;5;58m▓[0;38;5;130;48;5;58m░[0;38;5;100;48;5;58m▒[0;38;5;94;48;5;58m░[0;38;5;58;48;5;58m░[0;38;5;100;48;5;58m░░[0;38;5;130;48;5;58m░[0;38;5;58;48;5;58m▓[0;38;5;136;48;5;58m▒[0;38;5;94;48;5;58m▒[0;38;5;58;48;5;58m░[0;38;5;94;48;5;58m░[0;38;5;130;48;5;58m▒[0;38;5;58;48;5;58m░[0;38;5;100;48;5;58m▓[0;38;5;58;48;5;58m▒[0;38;5;100;48;5;58m▒[0;38;5;136;48;5;58m░[0;38;5;58;48;5;58m▓[0;38;5;100;48;5;58m▓[0;38;5;136;48;5;58m▓[0;38;5;94;48;5;58m▓[0;38;5;100;48;5;58m▓[0;38;5;58;48;5;58m▓[0;38;5;130;48;5;58m▓[0;38;5;100;48;5;58m▒[0;38;5;136;48;5;58m▒▒▒▒░[0;38;5;100;48;5;58m▒[0;38;5;130;48;5;58m▓[0;38;5;100;48;5;58m░▒[0;38;5;130;48;5;58m▓[0;38;5;136;48;5;58m░[0;38;5;130;48;5;58m▒[0;38;5;136;48;5;58m░[0;38;5;94;48;5;58m▒[0;38;5;136;48;5;58m░[0;38;5;94;48;5;58m▓[0;38;5;136;48;5;58m▒[0;38;5;94;48;5;58m▒[0;38;5;136;48;5;58m▒[0;38;5;100;48;5;58m░▒[0;38;5;58;48;5;58m▓[0;38;5;94;48;5;58m▒[0;38;5;136;48;5;58m░▓[0;38;5;100;48;5;58m░[0m
[0;38;5;58;48;5;58m▒[0;38;5;100;48;5;58m▒░[0;38;5;136;48;5;58m░[0;38;5;100;48;5;58m▓[0;38;5;136;48;5;58m▒[0;38;5;130;48;5;58m░░[0;38;5;94;48;5;58m▓[0;38;5;130;48;5;58m▒[0;38;5;94;48;5;58m░[0;38;5;136;48;5;58m▓░[0;38;5;58;48;5;58m░▒[0;38;5;94;48;5;58m▒[0;38;5;58;48;5;58m▒[0;38;5;130;48;5;58m░[0;38;5;58;48;5;58m▓[0;38;5;94;48;5;58m░[0;38;5;100;48;5;58m▒[0;38;5;130;48;5;58m░[0;38;5;100;48;5;58m▒▓[0;38;5;136;48;5;58m▓[0;38;5;130;48;5;58m▒[0;38;5;94;48;5;58m░[0;38;5;130;48;5;58m▓[0;38;5;94;48;5;58m▒[0;38;5;130;48;5;58m▒▓[0;38;5;58;48;5;58m▓[0;38;5;136;48;5;58m▓[0;38;5;100;48;5;58m▓░[0;38;5;130;48;5;58m▒[0;38;5;100;48;5;58m░[0;38;5;58;48;5;58m▓[0;38;5;94;48;5;58m░[0;38;5;136;48;5;58m▓[0;38;5;58;48;5;58m▒▓[0;38;5;100;48;5;58m▓[0;38;5;136;48;5;58m░[0;38;5;100;48;5;58m▒[0;38;5;58;48;5;58m░░[0;38;5;94;48;5;58m▒[0;38;5;130;48;5;58m░[0;38;5;94;48;5;58m▒[0;38;5;130;48;5;58m▓░[0;38;5;58;48;5;58m░[0;38;5;94;48;5;58m▒[0;38;5;130;48;5;58m▒[0;38;5;136;48;5;58m▒[0;38;5;58;48;5;58m▒[0;38;5;94;48;5;58m░[0;38;5;100;48;5;58m▒[0;38;5;130;48;5;58m▓[0;38;5;100;48;5;58m▒[0;38;5;130;48;5;58m░[0;38;5;136;48;5;58m▒[0;38;5;130;48;5;58m▓░[0;38;5;136;48;5;58m▒░[0;38;5;58;48;5;58m▒░[0;38;5;100;48;5;58m▓[0;38;5;136;48;5;58m▓[0;38;5;58;48;5;58m▓[0;38;5;100;48;5;58m▒[0;38;5;130;48;5;58m▒[0;38;5;100;48;5;58m▓░[0;38;5;130;48;5;58m▓[0;38;5;58;48;5;58m▓[0;38;5;100;48;5;58m░[0;38;5;94;48;5;58m▒[0m
[0;38;5;100;48;5;58m░[0;38;5;130;48;5;58m▓▓[0;38;5;136;48;5;58m▒[0;38;5;94;48;5;58m░[0;38;5;130;48;5;58m▓[0;38;5;58;48;5;58m░▒[0;38;5;100;48;5;58m░[0;38;5;94;48;5;58m░[0;38;5;58;48;5;58m▒[0;38;5;136;48;5;58m▒[0;38;5;130;48;5;58m░[0;38;5;58;48;5;58m▒[0;38;5;136;48;5;58m░[0;38;5;100;48;5;58m▒[0;38;5;136;48;5;58m▒[0;38;5;94;48;5;58m▓[0;38;5;100;48;5;58m░[0;38;5;58;48;5;58m▓[0;38;5;136;48;5;58m░[0;38;5;58;48;5;58m░░░[0;38;5;130;48;5;58m▓▒[0;38;5;136;48;5;58m░[0;38;5;94;48;5;58m▒[0;38;5;136;48;5;58m░[0;38;5;58;48;5;58m▓[0;38;5;94;48;5;58m░[0;38;5;100;48;5;58m░[0;38;5;136;48;5;58m▒[0;38;5;100;48;5;58m▒[0;38;5;136;48;5;58m░[0;38;5;100;48;5;58m░[0;38;5;130;48;5;58m▒[0;38;5;136;48;5;58m░░[0;38;5;100;48;5;58m▓[0;38;5;58;48;5;58m░[0;38;5;100;48;5;58m░░[0;38;5;58;48;5;58m░[0;38;5;130;48;5;58m▒░[0;38;5;100;48;5;58m▓[0;38;5;130;48;5;58m▓▓[0;38;5;100;48;5;58m░[0;38;5;94;48;5;58m▒[0;38;5;58;48;5;58m▓[0;38;5;130;48;5;58m▒[0;38;5;58;48;5;58m▒[0;38;5;100;48;5;58m▒[0;38;5;130;48;5;58m▓░[0;38;5;58;48;5;58m▒[0;38;5;94;48;5;58m░[0;38;5;100;48;5;58m░[0;38;5;255m┬[0;38;5;58;48;5;58m▒[0;38;5;255m┬[0;38;5;130;48;5;58m░[0;38;5;255m┌─┐[0;38;5;94;48;5;58m▓[0;38;5;255m┌─┬[0;38;5;136;48;5;58m▓[0;38;5;255m┬[0;38;5;130;48;5;58m▒[0;38;5;255m┌┬┐[0;38;5;130;48;5;58m▓[0;38;5;94;48;5;58m░[0;38;5;136;48;5;58m▓[0m
[0;38;5;94;48;5;58m░[0;38;5;136;48;5;58m░[0;38;5;94;48;5;58m▒▒[0;38;5;130;48;5;58m▒[0;38;5;58;48;5;58m▓▓▒[0;38;5;94;48;5;58m▒[0;38;5;58;48;5;58m▓[0;38;5;94;48;5;58m▓[0;38;5;130;48;5;58m▓[0;38;5;94;48;5;58m▒[0;38;5;100;48;5;58m░[0;38;5;94;48;5;58m▒[0;38;5;100;48;5;58m▓[0;38;5;58;48;5;58m▒[0;38;5;130;48;5;58m▓[0;38;5;94;48;5;58m▓[0;38;5;58;48;5;58m▓[0;38;5;94;48;5;58m░[0;38;5;58;48;5;58m▒[0;38;5;94;48;5;58m▒▒▒[0;38;5;130;48;5;58m▓[0;38;5;94;48;5;58m░[0;38;5;58;48;5;58m▓[0;38;5;136;48;5;58m▒░[0;38;5;100;48;5;58m▓[0;38;5;58;48;5;58m░[0;38;5;130;48;5;58m▒▒[0;38;5;58;48;5;58m▒[0;38;5;136;48;5;58m▓[0;38;5;130;48;5;58m▒▓[0;38;5;136;48;5;58m░▒▓[0;38;5;100;48;5;58m▓[0;38;5;130;48;5;58m▓[0;38;5;100;48;5;58m▒[0;38;5;130;48;5;58m▒[0;38;5;136;48;5;58m░▒[0;38;5;94;48;5;58m░[0;38;5;130;48;5;58m▒░[0;38;5;136;48;5;58m░▒[0;38;5;94;48;5;58m▒[0;38;5;58;48;5;58m░[0;38;5;136;48;5;58m▒▓[0;38;5;100;48;5;58m▒[0;38;5;136;48;5;58m▓[0;38;5;58;48;5;58m▒[0;38;5;94;48;5;58m▓[0;38;5;255m│[0;38;5;100;48;5;58m▓[0;38;5;255m│[0;38;5;58;48;5;58m░[0;38;5;255m├┤[0;38;5;100;48;5;58m░▒[0;38;5;255m│[0;38;5;94;48;5;58m▓[0;38;5;255m│[0;38;5;94;48;5;58m▒[0;38;5;255m│[0;38;5;100;48;5;58m▒[0;38;5;58;48;5;58m▓[0;38;5;255m│[0;38;5;58;48;5;58m▒[0;38;5;100;48;5;58m░[0;38;5;130;48;5;58m░[0;38;5;136;48;5;58m░[0m
[0;38;5;58;48;5;58m▒▒[0;38;5;136;48;5;58m▓░[0;38;5;130;48;5;58m░▓[0;38;5;136;48;5;58m░[0;38;5;100;48;5;58m▒[0;38;5;58;48;5;58m▒[0;38;5;94;48;5;58m▒[0;38;5;100;48;5;58m░▓[0;38;5;94;48;5;58m░[0;38;5;130;48;5;58m▒[0;38;5;136;48;5;58m▒[0;38;5;58;48;5;58m▒[0;38;5;136;48;5;58m▓[0;38;5;58;48;5;58m▓[0;38;5;130;48;5;58m░[0;38;5;58;48;5;58m▒[0;38;5;136;48;5;58m▒[0;38;5;94;48;5;58m░[0;38;5;100;48;5;58m▓[0;38;5;94;48;5;58m▒[0;38;5;136;48;5;58m░[0;38;5;100;48;5;58m▓[0;38;5;94;48;5;58m░[0;38;5;136;48;5;58m▓[0;38;5;58;48;5;58m░▓[0;38;5;130;48;5;58m░[0;38;5;58;48;5;58m▓[0;38;5;100;48;5;58m▒[0;38;5;130;48;5;58m▓[0;38;5;94;48;5;58m▒[0;38;5;58;48;5;58m▒░[0;38;5;94;48;5;58m░░[0;38;5;136;48;5;58m▓[0;38;5;94;48;5;58m▒[0;38;5;130;48;5;58m▒[0;38;5;100;48;5;58m▓[0;38;5;58;48;5;58m▒░░░[0;38;5;100;48;5;58m▓[0;38;5;94;48;5;58m▓[0;38;5;100;48;5;58m▓[0;38;5;136;48;5;58m▒[0;38;5;100;48;5;58m▓[0;38;5;136;48;5;58m▓[0;38;5;94;48;5;58m▓[0;38;5;58;48;5;58m▒░[0;38;5;130;48;5;58m▓[0;38;5;100;48;5;58m░▒[0;38;5;136;48;5;58m▒[0;38;5;255m│[0;38;5;130;48;5;58m▓[0;38;5;255m│[0;38;5;136;48;5;58m▓[0;38;5;255m│[0;38;5;94;48;5;58m▓[0;38;5;100;48;5;58m▓[0;38;5;130;48;5;58m░[0;38;5;255m│[0;38;5;130;48;5;58m▓[0;38;5;255m│[0;38;5;100;48;5;58m▒[0;38;5;255m│[0;38;5;130;48;5;58m▒[0;38;5;58;48;5;58m░[0;38;5;255m│[0;38;5;58;48;5;58m▓[0;38;5;136;48;5;58m░[0;38;5;94;48;5;58m▓[0;38;5;136;48;5;58m░[0m
[0;38;5;136;48;5;58m▒[0;38;5;58;48;5;58m░[0;38;5;94;48;5;58m▒[0;38;5;58;48;5;58m▓[0;38;5;130;48;5;58m▒[0;38;5;136;48;5;58m▓[0;38;5;130;48;5;58m▓[0;38;5;100;48;5;58m▒░[0;38;5;58;48;5;58m░[0;38;5;130;48;5;58m░[0;38;5;94;48;5;58m▒[0;38;5;130;48;5;58m░[0;38;5;100;48;5;58m▓[0;38;5;136;48;5;58m▓[0;38;5;58;48;5;58m▓▒[0;38;5;100;48;5;58m▓[0;38;5;136;48;5;58m▒▓[0;38;5;58;48;5;58m▒[0;38;5;94;48;5;58m░[0;38;5;58;48;5;58m░[0;38;5;100;48;5;58m░[0;38;5;58;48;5;58m▒[0;38;5;130;48;5;58m▓[0;38;5;136;48;5;58m░[0;38;5;94;48;5;58m░▒[0;38;5;58;48;5;58m▒[0;38;5;94;48;5;58m░[0;38;5;136;48;5;58m▒[0;38;5;130;48;5;58m░[0;38;5;100;48;5;58m▒[0;38;5;94;48;5;58m▒[0;38;5;58;48;5;58m░[0;38;5;136;48;5;58m▒[0;38;5;100;48;5;58m░[0;38;5;136;48;5;58m▒[0;38;5;130;48;5;58m▒[0;38;5;136;48;5;58m░░[0;38;5;100;48;5;58m▓▒[0;38;5;94;48;5;58m▓[0;38;5;136;48;5;58m░▓[0;38;5;130;48;5;58m▒[0;38;5;136;48;5;58m▓[0;38;5;100;48;5;58m▒[0;38;5;136;48;5;58m▓[0;38;5;58;48;5;58m░[0;38;5;130;48;5;58m▒[0;38;5;136;48;5;58m▓[0;38;5;58;48;5;58m▓[0;38;5;136;48;5;58m▓[0;38;5;94;48;5;58m░[0;38;5;136;48;5;58m░[0;38;5;58;48;5;58m░░[0;38;5;136;48;5;58m▒[0;38;5;255m└┘[0;38;5;136;48;5;58m▒[0;38;5;255m└─┘[0;38;5;100;48;5;58m▒[0;38;5;255m└─┘[0;38;5;58;48;5;58m▓[0;38;5;255m┴[0;38;5;130;48;5;58m▓▓[0;38;5;255m┴[0;38;5;100;48;5;58m▒░[0;38;5;94;48;5;58m░▒[0m
[0;38;5;94;48;5;58m▒▒[0;38;5;58;48;5;58m▓[0;38;5;130;48;5;58m▒[0;38;5;58;48;5;58m▓[0;38;5;100;48;5;58m▒▒[0;38;5;136;48;5;58m▓[0;38;5;94;48;5;58m▒[0;38;5;130;48;5;58m░[0;38;5;58;48;5;58m▓[0;38;5;100;48;5;58m░[0;38;5;58;48;5;58m░[0;38;5;100;48;5;58m▓[0;38;5;130;48;5;58m▓▓[0;38;5;136;48;5;58m▒[0;38;5;100;48;5;58m▒[0;38;5;94;48;5;58m▒[0;38;5;58;48;5;58m░[0;38;5;94;48;5;58m▒[0;38;5;130;48;5;58m▓[0;38;5;136;48;5;58m░░[0;38;5;58;48;5;58m▓░[0;38;5;136;48;5;58m▓[0;38;5;58;48;5;58m▓[0;38;5;94;48;5;58m▒▒[0;38;5;136;48;5;58m▓[0;38;5;130;48;5;58m▒[0;38;5;58;48;5;58m▓[0;38;5;94;48;5;58m▒[0;38;5;136;48;5;58m░░[0;38;5;58;48;5;58m▓▓[0;38;5;100;48;5;58m░[0;38;5;130;48;5;58m▒░[0;38;5;100;48;5;58m▒░[0;38;5;58;48;5;58m░[0;38;5;94;48;5;58m▓[0;38;5;130;48;5;58m░[0;38;5;94;48;5;58m▒[0;38;5;130;48;5;58m░[0;38;5;100;48;5;58m░▓[0;38;5;136;48;5;58m▒▓[0;38;5;94;48;5;58m▒[0;38;5;136;48;5;58m▓[0;38;5;130;48;5;58m▒[0;38;5;136;48;5;58m▒[0;38;5;94;48;5;58m▓[0;38;5;136;48;5;58m▓[0;38;5;100;48;5;58m░[0;38;5;58;48;5;58m▒[0;38;5;136;48;5;58m░[0;38;5;58;48;5;58m░[0;38;5;136;48;5;58m▓[0;38;5;58;48;5;58m░[0;38;5;130;48;5;58m▒[0;38;5;94;48;5;58m░[0;38;5;100;48;5;58m▓[0;38;5;94;48;5;58m░▒[0;38;5;136;48;5;58m▒[0;38;5;94;48;5;58m▓[0;38;5;100;48;5;58m▒[0;38;5;136;48;5;58m▓░[0;38;5;94;48;5;58m░▒▓░[0;38;5;58;48;5;58m▒[0;38;5;130;48;5;58m▓[0m
[0;38;5;58;48;5;58m▒[0;38;5;94;48;5;58m▒[0;38;5;58;48;5;58m▓[0;38;5;130;48;5;58m░[0;38;5;94;48;5;58m▓[0;38;5;130;48;5;58m░[0;38;5;100;48;5;58m░[0;38;5;58;48;5;58m▒[0;38;5;136;48;5;58m▒[0;38;5;100;48;5;58m░[0;38;5;130;48;5;58m▒[0;38;5;136;48;5;58m░[0;38;5;130;48;5;58m▒[0;38;5;94;48;5;58m▒░[0;38;5;100;48;5;58m░[0;38;5;58;48;5;58m▓[0;38;5;100;48;5;58m▓░▒[0;38;5;58;48;5;58m░[0;38;5;94;48;5;58m▓[0;38;5;136;48;5;58m░[0;38;5;100;48;5;58m▒[0;38;5;58;48;5;58m░▓[0;38;5;136;48;5;58m▓[0;38;5;94;48;5;58m░[0;38;5;100;48;5;58m▓░[0;38;5;130;48;5;58m░[0;38;5;94;48;5;58m▓[0;38;5;136;48;5;58m▒[0;38;5;100;48;5;58m▓[0;38;5;94;48;5;58m▒[0;38;5;136;48;5;58m░[0;38;5;94;48;5;58m▒[0;38;5;136;48;5;58m░▒[0;38;5;58;48;5;58m▒[0;38;5;136;48;5;58m▓[0;38;5;58;48;5;58m▓▒[0;38;5;100;48;5;58m░▓[0;38;5;94;48;5;58m▒[0;38;5;58;48;5;58m▒[0;38;5;100;48;5;58m▒▒[0;38;5;58;48;5;58m░[0;38;5;130;48;5;58m▒[0;38;5;94;48;5;58m▓[0;38;5;100;48;5;58m▒[0;38;5;136;48;5;58m░▒[0;38;5;130;48;5;58m░[0;38;5;58;48;5;58m░▒[0;38;5;94;48;5;58m░▓[0;38;5;136;48;5;58m▒[0;38;5;100;48;5;58m░[0;38;5;58;48;5;58m░[0;38;5;130;48;5;58m▒░▓[0;38;5;58;48;5;58m▒[0;38;5;136;48;5;58m▓[0;38;5;130;48;5;58m░░[0;38;5;136;48;5;58m▓[0;38;5;100;48;5;58m▒[0;38;5;136;48;5;58m░▒[0;38;5;130;48;5;58m▓▒[0;38;5;100;48;5;58m▓[0;38;5;58;48;5;58m░[0;38;5;136;48;5;58m▒[0;38;5;58;48;5;58m▓[0m
[0;38;5;136;48;5;58m▓[0;38;5;94;48;5;58m▒[0;38;5;130;48;5;58m▒[0;38;5;136;48;5;58m▓[0;38;5;58;48;5;58m▓[0;38;5;94;48;5;58m▒[0;38;5;58;48;5;58m▒[0;38;5;100;48;5;58m▓[0;38;5;58;48;5;58m▓[0;38;5;136;48;5;58m▒[0;38;5;94;48;5;58m▓▒[0;38;5;58;48;5;58m▓[0;38;5;100;48;5;58m▓[0;38;5;58;48;5;58m▓[0;38;5;136;48;5;58m▓░[0;38;5;100;48;5;58m▒[0;38;5;94;48;5;58m░░[0;38;5;136;48;5;58m▒░[0;38;5;100;48;5;58m▓[0;38;5;58;48;5;58m░[0;38;5;100;48;5;58m▓[0;38;5;94;48;5;58m▒░[0;38;5;100;48;5;58m░[0;38;5;94;48;5;58m░[0;38;5;58;48;5;58m▓[0;38;5;130;48;5;58m░[0;38;5;136;48;5;58m▒[0;38;5;130;48;5;58m▒░[0;38;5;136;48;5;58m░▓[0;38;5;130;48;5;58m░[0;38;5;100;48;5;58m▓[0;38;5;130;48;5;58m░░░[0;38;5;136;48;5;58m░▓[0;38;5;130;48;5;58m░[0;38;5;58;48;5;58m▒[0;38;5;136;48;5;58m▒▓[0;38;5;100;48;5;58m░[0;38;5;58;48;5;58m▒[0;38;5;100;48;5;58m▒[0;38;5;130;48;5;58m░░[0;38;5;100;48;5;58m▒[0;38;5;58;48;5;58m▓[0;38;5;94;48;5;58m▓[0;38;5;130;48;5;58m▓[0;38;5;136;48;5;58m▓[0;38;5;58;48;5;58m░[0;38;5;136;48;5;58m▓▒[0;38;5;130;48;5;58m▒[0;38;5;136;48;5;58m░[0;38;5;58;48;5;58m▒▒[0;38;5;100;48;5;58m▒[0;38;5;136;48;5;58m▓[0;38;5;130;48;5;58m░[0;38;5;136;48;5;58m▓[0;38;5;58;48;5;58m░░[0;38;5;136;48;5;58m░[0;38;5;94;48;5;58m▓[0;38;5;130;48;5;58m▒[0;38;5;100;48;5;58m▓[0;38;5;58;48;5;58m▓░[0;38;5;94;48;5;58m▓[0;38;5;58;48;5;58m░[0;38;5;136;48;5;58m░[0;38;5;100;48;5;58m▒[0m
