[0;1;38;5;252m✦[0;40m                        [0;1;38;5;252m✦[0;40m                                                      [0m
[0;40m                           [0;1;38;5;248m·[0;40m    [0;90m+[0;40m            [0;93m✦[0;40m                           [0;1;38;5;255m✦[0;40m      [0m
[0;40m        [0;38;5;252m*[0;40m                         [0;38;5;255m.[0;40m  [0;1;38;5;248m✦[0;40m [0;90m+[0;40m                           [0;90m✦[0;40m [0;38;5;255m*[0;40m       [0;38;5;255m✦[0;40m  [0m
[0;40m                 [0;90m.[0;40m       [0;1;38;5;252m✦[0;40m                     [0;38;5;255m.[0;40m       [0;93m✧[0;40m                        [0m
[0;40m    [0;93m·[0;40m       [0;90m✧[0;40m                            [0;38;5;252m✦[0;40m                  [0;38;5;255m✦[0;40m                   [0m
[0;40m                                        [0;1;38;5;252m✧[0;40m       [0;38;5;248m✧[0;90m+[0;40m  [0;38;5;18;40m▒[0;1;38;5;75m·[0;40m                    [0;1;38;5;252m✧[0;40m     [0m
[0;1;38;5;248m✦[0;40m           [0;90m✧[0;40m                                 [0;38;5;17;40m░[0;38;5;18;40m▒▒▒▒▒▒[0;38;5;19;40m▓▓▓▓▓▓[0;1;38;5;75m·[0;40m                    [0m
[0;40m         [0;38;5;248m✦[0;40m             [0;38;5;252m*[0;40m     [0;38;5;248m✧[0;40m              [0;38;5;17;40m░░░[0;38;5;18;40m▒▒▒▒▒▒[0;38;5;19;40m▓▓▓▓▓▓[0;38;5;20;40m██[0;1;38;5;75m·[0;1;90m.[0;40m                 [0m
[0;40m                     [0;38;5;248m*[0;40m                    [0;38;5;17;40m░░░░░[0;38;5;18;40m▒▒▒▒▒▒[0;38;5;19;40m▓▓▓▓▓▓[0;38;5;20;40m████[0;1;38;5;75m·[0;40m            [0;93m·[0;40m   [0m
[0;38;5;252m.[0;40m                                        [0;38;5;17;40m░░░░░░[0;38;5;18;40m▒▒▒▒▒▒[0;38;5;19;40m▓▓▓▓▓▓[0;38;5;20;40m█████[0;1;38;5;75m·[0;40m               [0m
[0;40m                  [0;38;5;255m*[0;40m                      [0;38;5;17;40m░░░░░░[0;38;5;18;40m▒▒▒▒▒▒[0;38;5;19;40m▓▓▓▓▓▓[0;38;5;20;40m█████[0;1;38;5;75m·[0;40m  [0;38;5;248m+[0;40m [0;93m*[0;40m [0;38;5;248m·[0;40m        [0m
[0;40m [0;1;93m+[0;40m    [0;93m·[0;40m                                [0;38;5;252m*[0;38;5;17;40m░░░░░░░[0;38;5;18;40m▒▒▒▒▒▒[0;38;5;19;40m▓▓▓▓▓▓[0;38;5;20;40m██████[0;1;38;5;75m·[0;40m              [0m
[0;40m                               [0;93m.[0;40m       [0;38;5;248m✧[0;40m [0;38;5;17;40m░░░░░░[0;38;5;18;40m▒▒▒▒▒▒[0;38;5;19;40m▓▓▓▓▓▓[0;38;5;20;40m█████[0;1;38;5;75m·[0;40m     [0;38;5;255m✦[0;40m         [0m
[0;40m     [0;1;93m.[0;40m          [0;38;5;248m✦[0;40m      [0;93m.[0;40m  [0;38;5;252m*[0;40m              [0;38;5;17;40m░░░░░░[0;38;5;18;40m▒▒▒▒▒▒[0;38;5;19;40m▓▓▓▓▓▓[0;38;5;20;40m█████[0;1;38;5;75m·[0;40m               [0m
[0;40m                                          [0;38;5;17;40m░░░░░[0;38;5;18;40m▒▒▒▒▒▒[0;38;5;19;40m▓▓▓▓▓▓[0;38;5;20;40m████[0;1;38;5;75m·[0;40m                [0m
[0;40m                                            [0;38;5;17;40m░░░[0;38;5;18;40m▒▒▒▒▒▒[0;38;5;19;40m▓▓▓▓▓▓[0;38;5;20;40m██[0;1;38;5;75m·[0;40m         [0;93m.[0;40m        [0m
[0;40m                                     [0;38;5;248m✦[0;40m        [0;38;5;17;40m░[0;38;5;18;40m▒▒▒▒▒▒[0;38;5;19;40m▓▓▓▓▓▓[0;1;38;5;75m·[0;40m             [0;38;5;248m✧[0;40m      [0m
[0;40m     [0;93m*[0;40m          [0;38;5;255m+[0;40m                                   [0;38;5;18;40m▒[0;1;38;5;75m·[0;40m    [0;1;38;5;252m·[0;40m                    [0;1;38;5;255m·[0m
[0;40m              [0;90m*[0;93m✧[0;40m                             [0;90m✧[0;40m    [0;38;5;248m*[0;40m             [0;38;5;248m✦[0;40m              [0;38;5;252m*[0m
[0;40m        [0;1;93m✧[0;40m                                        [0;1;38;5;248m*[0;40m     [0;93m.[0;40m            [0;90m.[0;40m    [0;93m✦[0;40m [0;1;90m.[0;1;93m✦[0;40m [0;38;5;255m.[0;40m [0m
[0;40m [0;1;38;5;255m✧[0;40m                                               [0;1;93m✧[0;40m                              [0m
[0;40m    [0;38;5;248m.[0;40m      [0;38;5;255m.[0;40m                                                 [0;93m*[0;40m     [0;1;90m*[0;40m       [0;1;38;5;255m·[0;1;38;5;252m✦[0;40m   [0m
[0;40m      [0;93m✧[0;40m                                       [0;93m*[0;40m         [0;90m✧[0;40m           [0;38;5;255m*[0;40m          [0;1;93m.[0m
[0;40m      [0;90m✦[0;40m          [0;1;38;5;252m✧[0;40m                               [0;38;5;248m+[0;40m   [0;1;90m✧[0;40m     [0;1;38;5;248m·[0;40m               [0;38;5;255m✦[0;40m    [0m
[0;40m                              [0;90m✦[0;40m                  [0;1;38;5;252m+[0;40m                              [0m
[0;40m                                                 [0;38;5;252m.[0;40m                [0;1;38;5;255m✦[0;40m            [0;38;5;255m.[0m
[0;40m        [0;1;38;5;255m.[0;40m    [0;90m.[0;40m          [0;1;38;5;255m+[0;40m               [0;38;5;248m*[0;93m+[0;40m [0;38;5;252m·[0;40m             [0;38;5;252m.[0;40m  [0;90m✦[0;40m                   [0m
[0;40m                    [0;1;38;5;252m✦[0;40m           [0;38;5;255m✧[0;40m  [0;38;5;252m.[0;40m  [0;1;93m*[0;40m                             [0;38;5;252m✦[0;40m   [0;38;5;252m✧[0;40m       [0m
[0;38;5;240m────────────────────────────────────────────────────────────────────────────────[0m
[0;38;5;172;48;5;52m▒[0;38;5;95;48;5;52m░[0;38;5;136;48;5;52m░[0;38;5;172;48;5;52m░[0;38;5;130;48;5;52m░[0;38;5;95;48;5;52m░[0;38;5;131;48;5;52m░[0;38;5;130;48;5;52m░[0;38;5;94;48;5;52m░[0;38;5;131;48;5;52m░[0;38;5;136;48;5;52m▓[0;38;5;94;48;5;52m░[0;38;5;130;48;5;52m▒▒[0;38;5;131;48;5;52m▓[0;38;5;95;48;5;52m▓░[0;38;5;131;48;5;52m▓▓[0;38;5;130;48;5;52m▒[0;38;5;136;48;5;52m▒[0;38;5;131;48;5;52m▓[0;38;5;95;48;5;52m▒[0;38;5;172;48;5;52m▒[0;38;5;131;48;5;52m▓[0;38;5;95;48;5;52m▓[0;38;5;130;48;5;52m▓[0;38;5;94;48;5;52m▓[0;38;5;130;48;5;52m▒[0;38;5;95;48;5;52m░[0;38;5;136;48;5;52m░[0;38;5;172;48;5;52m▓[0;38;5;136;48;5;52m░[0;38;5;172;48;5;52m░[0;38;5;130;48;5;52m▓[0;38;5;172;48;5;52m▒[0;38;5;131;48;5;52m▓[0;38;5;136;48;5;52m▓[0;38;5;95;48;5;52m▓[0;38;5;136;48;5;52m▒[0;38;5;130;48;5;52m▒[0;38;5;131;48;5;52m░▓[0;38;5;172;48;5;52m▒[0;38;5;130;48;5;52m▒[0;38;5;94;48;5;52m░[0;38;5;131;48;5;52m▒[0;38;5;130;48;5;52m▓[0;38;5;131;48;5;52m░[0;38;5;136;48;5;52m░[0;38;5;172;48;5;52m▒[0;38;5;136;48;5;52m▒[0;38;5;131;48;5;52m░[0;38;5;136;48;5;52m▓▒[0;38;5;131;48;5;52m▒[0;38;5;136;48;5;52m▒[0;38;5;131;48;5;52m▒[0;38;5;136;48;5;52m▓[0;38;5;95;48;5;52m░[0;38;5;130;48;5;52m▓[0;38;5;95;48;5;52m▓[0;38;5;131;48;5;52m▓[0;38;5;95;48;5;52m░[0;38;5;131;48;5;52m▒▒[0;38;5;172;48;5;52m░[0;38;5;131;48;5;52m▒[0;38;5;136;48;5;52m▒[0;38;5;95;48;5;52m▒[0;38;5;94;48;5;52m░[0;38;5;130;48;5;52m▓[0;38;5;95;48;5;52m░[0;38;5;131;48;5;52m▓[0;38;5;172;48;5;52m▓[0;38;5;130;48;5;52m▓[0;38;5;172;48;5;52m░[0;38;5;131;48;5;52m▓[0;38;5;136;48;5;52m░[0;38;5;130;48;5;52m▓[0m
[0;38;5;94;48;5;52m▓▓[0;38;5;95;48;5;52m░[0;38;5;172;48;5;52m░▓[0;38;5;130;48;5;52m▓[0;38;5;131;48;5;52m▒▒[0;38;5;172;48;5;52m▒[0;38;5;95;48;5;52m░[0;38;5;136;48;5;52m▒[0;38;5;172;48;5;52m▓[0;38;5;136;48;5;52m▓▒[0;38;5;172;48;5;52m░[0;38;5;136;48;5;52m▒[0;38;5;94;48;5;52m▓[0;38;5;172;48;5;52m░[0;38;5;94;48;5;52m▓[0;38;5;131;48;5;52m▒[0;38;5;94;48;5;52m▒[0;38;5;131;48;5;52m▓░░[0;38;5;130;48;5;52m▓[0;38;5;94;48;5;52m▓[0;38;5;172;48;5;52m░[0;38;5;130;48;5;52m░[0;38;5;94;48;5;52m░[0;38;5;136;48;5;52m░▒[0;38;5;95;48;5;52m░[0;38;5;130;48;5;52m▒▒[0;38;5;131;48;5;52m▓[0;38;5;136;48;5;52m▓░[0;38;5;172;48;5;52m░[0;38;5;136;48;5;52m░[0;38;5;94;48;5;52m▓[0;38;5;131;48;5;52m░[0;38;5;94;48;5;52m░[0;38;5;136;48;5;52m▓[0;38;5;94;48;5;52m░[0;38;5;131;48;5;52m▒▓[0;38;5;172;48;5;52m▒[0;38;5;94;48;5;52m▒[0;38;5;172;48;5;52m░▓[0;38;5;130;48;5;52m▓▓░[0;38;5;94;48;5;52m▒▓[0;38;5;172;48;5;52m▒[0;38;5;95;48;5;52m▒▓[0;38;5;131;48;5;52m░[0;38;5;172;48;5;52m▒[0;38;5;131;48;5;52m▒[0;38;5;95;48;5;52m▓░░[0;38;5;130;48;5;52m▒[0;38;5;172;48;5;52m░[0;38;5;94;48;5;52m▓[0;38;5;95;48;5;52m░[0;38;5;172;48;5;52m▓[0;38;5;131;48;5;52m░[0;38;5;172;48;5;52m▓[0;38;5;131;48;5;52m░[0;38;5;94;48;5;52m░[0;38;5;130;48;5;52m▒[0;38;5;95;48;5;52m▓[0;38;5;130;48;5;52m░[0;38;5;94;48;5;52m▓[0;38;5;131;48;5;52m▒[0;38;5;130;48;5;52m▒▓[0m
[0;38;5;172;48;5;52m░[0;38;5;131;48;5;52m░[0;38;5;95;48;5;52m░[0;38;5;136;48;5;52m▒[0;38;5;131;48;5;52m▒▓▒[0;38;5;172;48;5;52m░[0;38;5;94;48;5;52m▒[0;38;5;131;48;5;52m░[0;38;5;130;48;5;52m░[0;38;5;172;48;5;52m▓[0;38;5;136;48;5;52m░[0;38;5;95;48;5;52m░[0;38;5;130;48;5;52m▓[0;38;5;172;48;5;52m░▓[0;38;5;95;48;5;52m░[0;38;5;130;48;5;52m░▒[0;38;5;95;48;5;52m▒▓[0;38;5;94;48;5;52m░░▓[0;38;5;136;48;5;52m░[0;38;5;130;48;5;52m░[0;38;5;95;48;5;52m▓[0;38;5;172;48;5;52m▒[0;38;5;94;48;5;52m▒[0;38;5;172;48;5;52m▓[0;38;5;130;48;5;52m▒[0;38;5;172;48;5;52m░[0;38;5;94;48;5;52m░[0;38;5;95;48;5;52m▒[0;38;5;172;48;5;52m░[0;38;5;94;48;5;52m░[0;38;5;130;48;5;52m░[0;38;5;131;48;5;52m▓[0;38;5;172;48;5;52m▓[0;38;5;94;48;5;52m░[0;38;5;136;48;5;52m░[0;38;5;95;48;5;52m░[0;38;5;131;48;5;52m▒[0;38;5;136;48;5;52m░▒[0;38;5;130;48;5;52m▒[0;38;5;172;48;5;52m▓▓[0;38;5;94;48;5;52m▒[0;38;5;172;48;5;52m▓[0;38;5;95;48;5;52m░[0;38;5;136;48;5;52m▒[0;38;5;94;48;5;52m▒▒[0;38;5;172;48;5;52m░[0;38;5;94;48;5;52m░[0;38;5;136;48;5;52m░[0;38;5;131;48;5;52m▓[0;38;5;95;48;5;52m░[0;38;5;172;48;5;52m▓▒[0;38;5;136;48;5;52m▒[0;38;5;94;48;5;52m▒[0;38;5;131;48;5;52m▒[0;38;5;130;48;5;52m▓[0;38;5;94;48;5;52m░[0;38;5;136;48;5;52m░[0;38;5;94;48;5;52m▒[0;38;5;136;48;5;52m░[0;38;5;172;48;5;52m░░[0;38;5;95;48;5;52m▓░[0;38;5;136;48;5;52m░[0;38;5;94;48;5;52m▒▒[0;38;5;136;48;5;52m▓[0;38;5;94;48;5;52m▒[0;38;5;131;48;5;52m▓[0m
[0;38;5;131;48;5;52m▓[0;38;5;95;48;5;52m▓[0;38;5;130;48;5;52m▒[0;38;5;94;48;5;52m░[0;38;5;172;48;5;52m▒░[0;38;5;95;48;5;52m▓[0;38;5;172;48;5;52m▒[0;38;5;136;48;5;52m░[0;38;5;95;48;5;52m▓▓[0;38;5;136;48;5;52m▓[0;38;5;94;48;5;52m▓[0;38;5;131;48;5;52m░[0;38;5;130;48;5;52m░[0;38;5;131;48;5;52m░░[0;38;5;136;48;5;52m▓[0;38;5;95;48;5;52m░[0;38;5;172;48;5;52m▓[0;38;5;130;48;5;52m▒[0;38;5;94;48;5;52m░[0;38;5;172;48;5;52m▒[0;38;5;95;48;5;52m▒[0;38;5;172;48;5;52m▓[0;38;5;136;48;5;52m▒[0;38;5;172;48;5;52m▓[0;38;5;131;48;5;52m▓[0;38;5;172;48;5;52m▓[0;38;5;94;48;5;52m░[0;38;5;131;48;5;52m▓▓[0;38;5;130;48;5;52m░[0;38;5;94;48;5;52m░[0;38;5;130;48;5;52m▓[0;38;5;94;48;5;52m▒[0;38;5;136;48;5;52m▓[0;38;5;94;48;5;52m░▓[0;38;5;131;48;5;52m░[0;38;5;130;48;5;52m▒[0;38;5;172;48;5;52m▒[0;38;5;94;48;5;52m▓[0;38;5;136;48;5;52m▒[0;38;5;172;48;5;52m▒[0;38;5;136;48;5;52m▒[0;38;5;95;48;5;52m▓[0;38;5;130;48;5;52m▒[0;38;5;136;48;5;52m▓[0;38;5;131;48;5;52m░[0;38;5;136;48;5;52m▒[0;38;5;130;48;5;52m▓[0;38;5;136;48;5;52m░[0;38;5;95;48;5;52m░[0;38;5;172;48;5;52m▒[0;38;5;131;48;5;52m▒[0;38;5;130;48;5;52m▒[0;38;5;94;48;5;52m▓[0;38;5;172;48;5;52m▓[0;38;5;136;48;5;52m▓[0;38;5;95;48;5;52m▓[0;38;5;130;48;5;52m▓[0;38;5;172;48;5;52m▓[0;38;5;95;48;5;52m▒▒[0;38;5;172;48;5;52m▒▒[0;38;5;130;48;5;52m░[0;38;5;94;48;5;52m░[0;38;5;130;48;5;52m▓▒▒[0;38;5;95;48;5;52m░░[0;38;5;131;48;5;52m░[0;38;5;94;48;5;52m▓[0;38;5;172;48;5;52m▓[0;38;5;136;48;5;52m░[0;38;5;94;48;5;52m▓[0;38;5;136;48;5;52m▒[0m
[0;38;5;131;48;5;52m▒▒[0;38;5;136;48;5;52m▓[0;38;5;131;48;5;52m░[0;38;5;136;48;5;52m▒[0;38;5;172;48;5;52m▓[0;38;5;131;48;5;52m░[0;38;5;136;48;5;52m▓[0;38;5;94;48;5;52m▓[0;38;5;136;48;5;52m░░[0;38;5;95;48;5;52m▒[0;38;5;94;48;5;52m░[0;38;5;136;48;5;52m░▓[0;38;5;130;48;5;52m▓▓[0;38;5;95;48;5;52m░[0;38;5;136;48;5;52m▒[0;38;5;94;48;5;52m▒▒[0;38;5;131;48;5;52m▒[0;38;5;172;48;5;52m▓[0;38;5;130;48;5;52m▒░[0;38;5;136;48;5;52m▒[0;38;5;172;48;5;52m▓░[0;38;5;131;48;5;52m▒[0;38;5;94;48;5;52m▒[0;38;5;95;48;5;52m░[0;38;5;136;48;5;52m▓[0;38;5;95;48;5;52m▒[0;38;5;172;48;5;52m▓░[0;38;5;131;48;5;52m▒[0;38;5;130;48;5;52m░[0;38;5;95;48;5;52m▓[0;38;5;136;48;5;52m▒[0;38;5;172;48;5;52m▒░[0;38;5;94;48;5;52m▒[0;38;5;136;48;5;52m▒[0;38;5;94;48;5;52m▒[0;38;5;131;48;5;52m▓[0;38;5;130;48;5;52m▓[0;38;5;95;48;5;52m░[0;38;5;136;48;5;52m▒[0;38;5;95;48;5;52m░[0;38;5;131;48;5;52m▒▒[0;38;5;136;48;5;52m▓[0;38;5;131;48;5;52m▒[0;38;5;130;48;5;52m▒[0;38;5;94;48;5;52m▒[0;38;5;95;48;5;52m▓[0;38;5;94;48;5;52m░[0;38;5;131;48;5;52m▓[0;38;5;130;48;5;52m▓[0;38;5;94;48;5;52m▓[0;96m┬[0;38;5;131;48;5;52m▒[0;96m┬[0;38;5;136;48;5;52m▒[0;96m┌─┐[0;38;5;95;48;5;52m▒[0;96m┌─┬[0;38;5;131;48;5;52m▓[0;96m┬[0;38;5;131;48;5;52m▓[0;96m┌┬┐[0;38;5;131;48;5;52m░[0;38;5;95;48;5;52m▒[0;38;5;131;48;5;52m░[0m
[0;38;5;94;48;5;52m▓[0;38;5;95;48;5;52m░[0;38;5;94;48;5;52m▒[0;38;5;131;48;5;52m▓[0;38;5;95;48;5;52m░[0;38;5;172;48;5;52m▓▓[0;38;5;94;48;5;52m░[0;38;5;136;48;5;52m▓[0;38;5;130;48;5;52m▓[0;38;5;172;48;5;52m░[0;38;5;130;48;5;52m▒░▓[0;38;5;95;48;5;52m▒[0;38;5;130;48;5;52m▒[0;38;5;131;48;5;52m░[0;38;5;94;48;5;52m░[0;38;5;130;48;5;52m▓[0;38;5;95;48;5;52m░[0;38;5;172;48;5;52m░[0;38;5;95;48;5;52m░[0;38;5;172;48;5;52m▓[0;38;5;130;48;5;52m▓[0;38;5;136;48;5;52m▓▓[0;38;5;172;48;5;52m▓[0;38;5;136;48;5;52m▓[0;38;5;131;48;5;52m░[0;38;5;172;48;5;52m▒[0;38;5;94;48;5;52m▒[0;38;5;136;48;5;52m▓[0;38;5;94;48;5;52m▒[0;38;5;136;48;5;52m▒[0;38;5;94;48;5;52m▒[0;38;5;131;48;5;52m░▓[0;38;5;130;48;5;52m░[0;38;5;131;48;5;52m░▓▒[0;38;5;172;48;5;52m▓[0;38;5;130;48;5;52m▒[0;38;5;136;48;5;52m▒[0;38;5;131;48;5;52m▓[0;38;5;136;48;5;52m░[0;38;5;94;48;5;52m░[0;38;5;130;48;5;52m▓░[0;38;5;94;48;5;52m▒[0;38;5;130;48;5;52m▒░[0;38;5;95;48;5;52m▒[0;38;5;172;48;5;52m░[0;38;5;94;48;5;52m▓[0;38;5;131;48;5;52m▓[0;38;5;95;48;5;52m░[0;38;5;172;48;5;52m░[0;38;5;130;48;5;52m▓[0;38;5;136;48;5;52m░[0;96m│[0;38;5;172;48;5;52m░[0;96m│[0;38;5;95;48;5;52m░[0;96m├┤[0;38;5;172;48;5;52m▓[0;38;5;131;48;5;52m▓[0;96m│[0;38;5;94;48;5;52m░[0;96m│[0;38;5;131;48;5;52m▒[0;96m│[0;38;5;95;48;5;52m▓░[0;96m│[0;38;5;94;48;5;52m▓[0;38;5;172;48;5;52m▓░[0;38;5;95;48;5;52m░[0m
[0;38;5;172;48;5;52m▓▒[0;38;5;130;48;5;52m▓[0;38;5;95;48;5;52m▓▒[0;38;5;130;48;5;52m▒[0;38;5;136;48;5;52m░░[0;38;5;130;48;5;52m▒▒[0;38;5;136;48;5;52m▒[0;38;5;130;48;5;52m▒[0;38;5;95;48;5;52m▓[0;38;5;130;48;5;52m░[0;38;5;136;48;5;52m▓[0;38;5;94;48;5;52m░[0;38;5;95;48;5;52m▓[0;38;5;172;48;5;52m░▓▒[0;38;5;130;48;5;52m░[0;38;5;136;48;5;52m▓░[0;38;5;94;48;5;52m▓[0;38;5;95;48;5;52m░░[0;38;5;131;48;5;52m░[0;38;5;136;48;5;52m▒[0;38;5;94;48;5;52m░[0;38;5;172;48;5;52m▓[0;38;5;94;48;5;52m░[0;38;5;172;48;5;52m░▒[0;38;5;94;48;5;52m░[0;38;5;172;48;5;52m▓[0;38;5;94;48;5;52m▒[0;38;5;136;48;5;52m▒[0;38;5;131;48;5;52m░[0;38;5;136;48;5;52m░[0;38;5;94;48;5;52m▓[0;38;5;131;48;5;52m▒[0;38;5;94;48;5;52m▒[0;38;5;130;48;5;52m▓[0;38;5;94;48;5;52m░▒[0;38;5;130;48;5;52m▓▓[0;38;5;136;48;5;52m░▒[0;38;5;94;48;5;52m▓[0;38;5;131;48;5;52m▓[0;38;5;94;48;5;52m▓[0;38;5;131;48;5;52m▓[0;38;5;136;48;5;52m▓[0;38;5;95;48;5;52m▒[0;38;5;136;48;5;52m▒░[0;38;5;131;48;5;52m▒[0;38;5;94;48;5;52m▓░[0;96m│[0;38;5;94;48;5;52m▓[0;96m│[0;38;5;130;48;5;52m▓[0;96m│[0;38;5;95;48;5;52m▒[0;38;5;130;48;5;52m▓▒[0;96m│[0;38;5;130;48;5;52m▒[0;96m│[0;38;5;130;48;5;52m▒[0;96m│[0;38;5;136;48;5;52m░[0;38;5;94;48;5;52m░[0;96m│[0;38;5;94;48;5;52m▒[0;38;5;136;48;5;52m▓[0;38;5;94;48;5;52m░[0;38;5;130;48;5;52m░[0m
[0;38;5;172;48;5;52m▒[0;38;5;94;48;5;52m░░[0;38;5;131;48;5;52m▓▒▓[0;38;5;130;48;5;52m░[0;38;5;94;48;5;52m░[0;38;5;172;48;5;52m▓[0;38;5;95;48;5;52m░▒[0;38;5;94;48;5;52m▒[0;38;5;131;48;5;52m░[0;38;5;94;48;5;52m░[0;38;5;131;48;5;52m▓[0;38;5;172;48;5;52m░[0;38;5;131;48;5;52m░[0;38;5;130;48;5;52m▓▓[0;38;5;172;48;5;52m▒[0;38;5;94;48;5;52m▒[0;38;5;130;48;5;52m▒░░░[0;38;5;172;48;5;52m▓[0;38;5;136;48;5;52m░[0;38;5;172;48;5;52m░▓[0;38;5;131;48;5;52m▒[0;38;5;94;48;5;52m▓[0;38;5;95;48;5;52m░▓[0;38;5;172;48;5;52m▓[0;38;5;94;48;5;52m░░[0;38;5;136;48;5;52m░▒[0;38;5;94;48;5;52m▓[0;38;5;172;48;5;52m▒[0;38;5;95;48;5;52m░▒[0;38;5;172;48;5;52m▓[0;38;5;130;48;5;52m▓▒[0;38;5;95;48;5;52m▓[0;38;5;136;48;5;52m░[0;38;5;95;48;5;52m▓[0;38;5;94;48;5;52m░[0;38;5;131;48;5;52m░[0;38;5;136;48;5;52m░[0;38;5;131;48;5;52m▒[0;38;5;130;48;5;52m▒[0;38;5;95;48;5;52m▒[0;38;5;94;48;5;52m░[0;38;5;95;48;5;52m▒[0;38;5;136;48;5;52m░[0;38;5;131;48;5;52m▒[0;38;5;95;48;5;52m▒▓[0;38;5;136;48;5;52m░[0;96m└┘[0;38;5;131;48;5;52m▒[0;96m└─┘[0;38;5;130;48;5;52m▓[0;96m└─┘[0;38;5;172;48;5;52m▒[0;96m┴[0;38;5;130;48;5;52m▓[0;38;5;131;48;5;52m▓[0;96m┴[0;38;5;136;48;5;52m░[0;38;5;130;48;5;52m░[0;38;5;95;48;5;52m▓[0;38;5;130;48;5;52m░[0m
[0;38;5;172;48;5;52m▒▒[0;38;5;130;48;5;52m░[0;38;5;94;48;5;52m░[0;38;5;136;48;5;52m▓[0;38;5;172;48;5;52m░[0;38;5;131;48;5;52m░[0;38;5;95;48;5;52m▓[0;38;5;131;48;5;52m▓[0;38;5;136;48;5;52m▓▓[0;38;5;95;48;5;52m░[0;38;5;172;48;5;52m░[0;38;5;94;48;5;52m░▒[0;38;5;95;48;5;52m▒[0;38;5;130;48;5;52m▒[0;38;5;172;48;5;52m▒[0;38;5;94;48;5;52m░░[0;38;5;172;48;5;52m▒[0;38;5;136;48;5;52m▒[0;38;5;94;48;5;52m▒[0;38;5;95;48;5;52m░[0;38;5;131;48;5;52m▒░[0;38;5;130;48;5;52m▒[0;38;5;131;48;5;52m▓[0;38;5;172;48;5;52m▒▓[0;38;5;130;48;5;52m▓▒[0;38;5;131;48;5;52m░[0;38;5;136;48;5;52m░[0;38;5;94;48;5;52m▒[0;38;5;131;48;5;52m░[0;38;5;130;48;5;52m▒[0;38;5;95;48;5;52m▒[0;38;5;94;48;5;52m▒▓[0;38;5;172;48;5;52m▒▓[0;38;5;136;48;5;52m░[0;38;5;130;48;5;52m▒[0;38;5;136;48;5;52m░[0;38;5;94;48;5;52m▓▓[0;38;5;130;48;5;52m░[0;38;5;131;48;5;52m▓[0;38;5;130;48;5;52m▓[0;38;5;136;48;5;52m▒▓[0;38;5;130;48;5;52m░[0;38;5;131;48;5;52m░[0;38;5;130;48;5;52m▒[0;38;5;172;48;5;52m░[0;38;5;130;48;5;52m░[0;38;5;131;48;5;52m░[0;38;5;94;48;5;52m▒▒▓▓[0;38;5;131;48;5;52m░[0;38;5;95;48;5;52m░[0;38;5;130;48;5;52m▒[0;38;5;136;48;5;52m░░[0;38;5;131;48;5;52m▓[0;38;5;136;48;5;52m░[0;38;5;94;48;5;52m░[0;38;5;130;48;5;52m▒[0;38;5;95;48;5;52m░[0;38;5;131;48;5;52m░[0;38;5;136;48;5;52m▓[0;38;5;131;48;5;52m░▓[0;38;5;172;48;5;52m░[0;38;5;95;48;5;52m░[0;38;5;172;48;5;52m▒[0;38;5;130;48;5;52m░[0m
[0;38;5;172;48;5;52m░[0;38;5;130;48;5;52m▓[0;38;5;131;48;5;52m▓[0;38;5;136;48;5;52m▓▒[0;38;5;172;48;5;52m▓[0;38;5;130;48;5;52m▒[0;38;5;95;48;5;52m▒[0;38;5;172;48;5;52m▓▓▓[0;38;5;95;48;5;52m▒[0;38;5;136;48;5;52m▓[0;38;5;131;48;5;52m▒[0;38;5;94;48;5;52m▓▒[0;38;5;130;48;5;52m▒[0;38;5;131;48;5;52m▓[0;38;5;94;48;5;52m▒[0;38;5;130;48;5;52m▓[0;38;5;136;48;5;52m▓[0;38;5;172;48;5;52m▓▒[0;38;5;136;48;5;52m░[0;38;5;130;48;5;52m▒[0;38;5;172;48;5;52m▒▒[0;38;5;136;48;5;52m▒[0;38;5;131;48;5;52m░[0;38;5;136;48;5;52m▓[0;38;5;95;48;5;52m▒[0;38;5;130;48;5;52m░[0;38;5;172;48;5;52m░[0;38;5;131;48;5;52m░[0;38;5;172;48;5;52m▒[0;38;5;130;48;5;52m░[0;38;5;94;48;5;52m░▓[0;38;5;131;48;5;52m░[0;38;5;94;48;5;52m░[0;38;5;131;48;5;52m▓[0;38;5;136;48;5;52m▓[0;38;5;95;48;5;52m▓░[0;38;5;94;48;5;52m▒[0;38;5;172;48;5;52m▓[0;38;5;131;48;5;52m▓[0;38;5;94;48;5;52m▓[0;38;5;172;48;5;52m▒[0;38;5;95;48;5;52m▓[0;38;5;136;48;5;52m░[0;38;5;95;48;5;52m▓▒[0;38;5;131;48;5;52m▒[0;38;5;172;48;5;52m▒[0;38;5;130;48;5;52m▓[0;38;5;131;48;5;52m▓[0;38;5;172;48;5;52m░[0;38;5;131;48;5;52m▒[0;38;5;130;48;5;52m▒[0;38;5;131;48;5;52m▒[0;38;5;95;48;5;52m▓[0;38;5;172;48;5;52m▓[0;38;5;95;48;5;52m▒[0;38;5;172;48;5;52m░[0;38;5;130;48;5;52m░[0;38;5;131;48;5;52m▒[0;38;5;130;48;5;52m▓[0;38;5;95;48;5;52m░[0;38;5;172;48;5;52m▒[0;38;5;131;48;5;52m░[0;38;5;94;48;5;52m▓[0;38;5;136;48;5;52m▓[0;38;5;130;48;5;52m░[0;38;5;172;48;5;52m▒[0;38;5;136;48;5;52m▒[0;38;5;95;48;5;52m▓▓[0;38;5;136;48;5;52m░[0;38;5;172;48;5;52m▓[0m
[0;38;5;95;48;5;52m░[0;38;5;136;48;5;52m▒[0;38;5;95;48;5;52m░[0;38;5;94;48;5;52m░[0;38;5;136;48;5;52m▒[0;38;5;130;48;5;52m▓░[0;38;5;94;48;5;52m▒░[0;38;5;172;48;5;52m▓[0;38;5;95;48;5;52m▒[0;38;5;94;48;5;52m▒[0;38;5;131;48;5;52m▓▒[0;38;5;94;48;5;52m░[0;38;5;95;48;5;52m▓[0;38;5;136;48;5;52m▓[0;38;5;131;48;5;52m▓[0;38;5;95;48;5;52m░░[0;38;5;136;48;5;52m▓[0;38;5;95;48;5;52m░[0;38;5;131;48;5;52m▒[0;38;5;94;48;5;52m░[0;38;5;172;48;5;52m░[0;38;5;95;48;5;52m▒[0;38;5;94;48;5;52m▒▓[0;38;5;136;48;5;52m░[0;38;5;95;48;5;52m▓[0;38;5;131;48;5;52m░░▓[0;38;5;94;48;5;52m░░[0;38;5;95;48;5;52m▓▒[0;38;5;94;48;5;52m▓[0;38;5;95;48;5;52m▓[0;38;5;131;48;5;52m▒[0;38;5;130;48;5;52m▒[0;38;5;131;48;5;52m░[0;38;5;130;48;5;52m▒[0;38;5;94;48;5;52m▓▒[0;38;5;95;48;5;52m▒░[0;38;5;172;48;5;52m▓[0;38;5;131;48;5;52m▒[0;38;5;95;48;5;52m▓░[0;38;5;130;48;5;52m▒░[0;38;5;94;48;5;52m░░[0;38;5;95;48;5;52m▓[0;38;5;136;48;5;52m▓[0;38;5;172;48;5;52m▓[0;38;5;94;48;5;52m░[0;38;5;172;48;5;52m▓[0;38;5;131;48;5;52m▒[0;38;5;95;48;5;52m░[0;38;5;130;48;5;52m▓[0;38;5;172;48;5;52m░[0;38;5;95;48;5;52m▓[0;38;5;172;48;5;52m▒[0;38;5;130;48;5;52m▓[0;38;5;94;48;5;52m▓[0;38;5;130;48;5;52m░░▓░[0;38;5;136;48;5;52m▒░[0;38;5;172;48;5;52m░▒[0;38;5;136;48;5;52m▓[0;38;5;130;48;5;52m▒[0;38;5;94;48;5;52m▒[0;38;5;136;48;5;52m▓[0m
